413.171 933.602
396.042 763.751
327.329 780.75
341.125 932.715
369.258 790.338
298.362 684.215
316.229 749.259
326.372 701.202
288.633 725.416
420.305 689.074
440.538 1055.47
550.578 964.711
544.43 1028.54
588.813 1229.76
469.528 964.138
472.1 862.3
425.807 792.241
569.628 962.993
286.996 558.263
291.679 659.837
314.411 685.096
256.169 491.091
287.906 624.69
343.013 743.551
235.289 547.421
284.976 519.809
242.597 601.98
254.451 484.217
251.391 582.762
320.008 552.679
519.721 1006.51
527.163 806.559
360.486 718.811
610.949 1068.75
484.44 877
377.227 685.205
175.661 411.214
224.663 512.444
251.555 472.813
267.331 425.289
280.188 684.046
257.805 472.009
266.152 554.207
325.405 780.824
344.119 704.903
315.405 621.213
844.675 742.66
341.672 734.573
311.27 708.939
358.826 617.51
417.5 771.383
258.563 512.109
371.996 689.573
374.058 790.21
367.743 689.222
344.865 672.704
412.869 877.348
371.634 668.982
401.412 719.514
378.381 596.118
430.522 932.194
399.715 758.978
328.29 662.631
411.816 824.575
388.934 766.993
338.016 689.407
340.958 1404.79
341.688 721.252
344.657 778.996
342.08 605
410.217 713.838
414.145 607.211
418.895 827.977
416.765 839.151
414.484 809.628
1570.55 3528.11
1765.52 3033.46
2584.95 2680.32
2440.63 3032.13
2525.47 4069.03
2495.9 3498.65
2919.74 3191.05
2736.21 3142.05
2996.95 2994.6
3577.49 2826.91
2654.21 3397.27
2570.76 2881.21
2586.04 3917.95
2449.11 3434.6
2352.52 3189.6
2294 2370.32
2539.89 2635.46
2428.32 2681
2492.55 2709.54
2301.96 2688.19
2500.58 2655.8
2290.63 2699.02
2278.41 2347.78
2411.24 1974.58
2832.92 2283.13
2703.84 2564.33
2872.89 2292.16
2953.18 2268.4
2847.09 2360.28
2598.61 2163.01
2259.43 2100.59
2897.7 1924.01
2429.95 2009.27
2138.62 2300.22
2083.58 1766.51
2360.12 2111.04
2087.6 1855.62
2125.16 1949.33
2838.43 1909.36
2425.41 1882.61
2139.95 1685.74
2150.77 1705.63
2230.35 1883.43
2103.66 1859.32
2336.22 1902.01
2321.42 2291.06
2142.27 2020.36
2145.78 2184.58
2416.93 1782.33
2302.82 1784.25
2588.99 2042.49
2558.52 1861.08
2210.69 2117.42
2342.53 2532.09
2563.25 2459.01
2306.58 2059.68
2123.54 2093.26
2099.15 2053.43
2282.9 2581.46
2331.67 2313.77
2220.88 2021.24
3144.45 2139.25
3341.1 2195.84
3298.03 1823.58
3589.24 2040.33
3396.09 2018.46
3484.33 2416.79
3313.88 1936.52
3488.94 2248.55
2699.44 2299.12
2452.84 1821.74
2244.3 2491.47
1957.67 2451.26
2017.76 1571.3
1780.05 1789.48
1433.36 1706.87
771.965 2363.21
645.007 2614.05
907.047 2591.23
658.565 3161.36
594.752 2122.7
680.892 2312.99
594.84 1634.76
594.23 960.689
622.501 918.508
615.9 997.932
394.152 803.182
440.596 1022.01
399.619 911.58
373.651 757.393
328.218 911.541
400.441 889.515
414.81 787.717
329.873 647.304
295.647 831.528
225.456 620.841
302.643 541.999
276.602 575.811
273.094 672.151
276.779 556.697
213.237 514.16
253.613 651.117
292.751 527.335
237.083 547.458
294.256 563.495
222.066 467.036
735.021 509.773
185.797 460.237
232.208 574.95
211.996 491.371
189.736 467.485
182.399 434.836
202.5 505.285
174.472 443.198
209.718 415.481
252.159 507.293
257.143 590.368
320.221 996.653
387.338 725.667
446.519 899.425
351.977 696.778
291.328 572.744
393.078 727.345
294.672 550.819
304.009 659.128
328.9 749.581
306.727 635.049
303.286 523.738
328.393 609.223
338.173 727.52
307.758 657.257
338.537 616.876
178.204 411.689
178.08 401.239
183.146 441.377
179.695 461.682
186.576 380.058
165.898 796.088
200.308 1905.63
173.102 1750.46
204.716 2047.58
183.534 928.775
281.48 2769.58
261.829 2720.11
261.559 2710.92
228.556 2726.39
257.664 2774.31
229.674 2682.57
242.587 2690.52
234.911 2803.74
270.919 2850.32
226.859 2960.75
158.885 384.287
233.543 439.817
166.94 362.117
214.325 416.062
228.222 457.497
209.705 425.154
170.226 379.677
198.401 436.695
224.109 687.009
217.915 538.585
159.472 442.624
177.025 418.317
135.804 328.094
147.677 415.932
210.147 490.264
213.807 402.6
179.142 409.567
220.855 643.889
187.309 454.589
196.021 560.168
190.072 542.396
262.811 484.874
201.081 626.828
227.553 406.822
299.317 494.632
234.146 502.861
225.827 553.319
208.946 649.293
162.985 424.059
245.921 594.755
339.525 1053.03
317.81 786.33
274.394 569.456
323.875 863.023
386.271 693.802
288.089 957.809
292.062 779.371
389.284 1002.11
351.689 937.96
344.09 720.459
371.45 692.027
405.137 771.171
403.217 718.926
392.731 1008.44
406.405 1705.09
399.616 1932.13
346.774 1363.4
352.969 832.386
358.27 710.507
348.794 810.672
353.02 617.547
376.8 641.185
379.272 605.767
378.658 617.615
396.262 1192
359.787 1953.78
362.389 1902.82
510.819 808.857
395.174 586.75
272.506 458.851
354.793 669.123
315.426 658.685
310.226 605.749
348.826 1583.67
391.056 2146.79
296.72 1959.49
295.943 1992.45
340.482 1056.28
292.981 623.332
480.026 625.233
