0.822677 0.600773
0.190483 0.258331
0.66554 0.396782
0.197801 0.275777
0.144706 0.23623
0.905562 0.639831
0.123979 0.213079
0.660064 0.410584
0.189167 0.267021
0.196952 0.239997
0.627924 0.393419
0.140003 0.233881
0.920722 0.666134
0.148302 0.234996
0.253559 0.337169
0.752072 0.529557
0.138689 0.215987
0.753328 0.538613
0.141835 0.220285
0.771821 0.505598
0.164412 0.244451
0.237995 0.293389
0.651537 0.388823
0.146651 0.237001
0.783893 0.564585
0.304469 0.333926
0.161194 0.26523
0.656821 0.408105
0.197748 0.274625
0.797137 0.539594
0.147057 0.218614
0.617468 0.403079
0.283192 0.337703
0.388266 0.360829
0.610984 0.379843
0.240984 0.303192
0.77933 0.557552
0.117755 0.207598
0.151258 0.260549
0.773453 0.498502
0.150133 0.224041
0.702477 0.452291
0.383919 0.344811
0.63437 0.409477
0.113795 0.214337
0.36412 0.373753
0.714129 0.410008
0.168671 0.250105
0.963927 0.67728
0.544823 0.354614
0.165749 0.261713
64.3904 33.9178
20.0618 32.8488
0.727716 0.552458
0.258765 0.353113
0.680969 0.44408
0.150286 0.221107
0.18332 0.258888
0.6541 0.403318
0.276437 0.345975
0.628649 0.408093
0.192396 0.260882
0.17183 0.251623
0.669016 0.410859
0.135261 0.222548
0.799182 0.520695
0.233583 0.374235
0.719222 0.456332
0.18432 0.246087
0.15847 0.24427
0.634766 0.387101
0.203779 0.227573
0.777246 0.511825
0.119035 0.200853
0.226055 0.320376
37.4216 5.35634
12.9778 22.9727
1.49839 12.2969
0.419984 0.43147
0.649693 0.427326
0.130211 0.228408
0.247385 0.295964
0.618337 0.379664
0.127965 0.232806
0.660837 0.399343
0.279472 0.3237
0.138719 0.264485
0.687914 0.425372
0.18766 0.256237
0.649595 0.419952
0.22482 0.323289
0.672172 0.405665
0.290783 0.346441
0.148086 0.223082
0.728014 0.462591
0.133964 0.236289
0.61791 0.406082
0.129219 0.216316
0.342339 0.362927
0.65301 0.403798
0.125986 0.216684
0.739327 0.485026
0.237724 0.343245
0.140678 0.227398
0.678406 0.40105
0.318804 0.346396
0.638086 0.407276
0.132666 0.223421
0.700896 0.456473
0.125909 0.218441
0.150395 0.255986
0.699817 0.41621
0.289792 0.324787
0.650853 0.426152
0.257199 0.342618
0.221621 0.291602
0.653237 0.414357
0.204046 0.259306
0.626678 0.416792
0.300601 0.343431
0.629076 0.402565
0.152787 0.240462
0.318917 0.396345
0.675924 0.405846
0.169182 0.240442
0.906997 0.523137
0.22618 0.376258
0.171585 0.250862
0.651587 0.401895
0.22589 0.313357
0.672805 0.423089
0.154766 0.253706
0.376873 0.389972
0.627277 0.401691
0.265412 0.363954
0.701192 0.457073
0.169139 0.236369
0.629158 0.407298
0.151911 0.258793
0.319913 0.32847
0.608142 0.383554
0.138671 0.241642
0.700986 0.459577
0.146306 0.231799
0.135882 0.239941
0.747885 0.470951
0.238565 0.33267
0.655316 0.436778
0.22552 0.285122
0.612642 0.391898
0.142463 0.23824
0.156366 0.239651
0.815513 0.499049
0.131803 0.234821
0.70119 0.458161
0.199083 0.276019
0.146046 0.242687
0.56229 0.353157
0.130301 0.211871
0.924597 0.651666
0.166305 0.230697
0.614648 0.383769
0.194503 0.275359
0.1462 0.223322
0.595445 0.367771
12.6835 1.24738
22.7972 4.89353
15.3771 6.38796
0.808876 0.627022
0.63472 0.411193
0.137638 0.218179
0.736326 0.526781
0.335566 0.336145
0.620375 0.393903
0.132017 0.221989
0.200469 0.269879
0.620351 0.379683
0.117221 0.221643
0.80539 0.57692
0.334294 0.357758
0.158901 0.242028
0.573556 0.359912
0.205773 0.271531
0.752095 0.548726
0.154105 0.223125
0.64872 0.417762
0.340635 0.353481
0.140752 0.219827
0.697367 0.436873
0.127096 0.228757
0.814041 0.576
0.128983 0.214576
0.166019 0.268864
0.772188 0.482968
0.143562 0.218795
0.776695 0.553127
0.162393 0.238225
0.613434 0.378253
0.130138 0.221657
0.313652 0.335882
0.609631 0.361572
0.130457 0.231048
0.873045 0.623592
0.110029 0.197677
0.160489 0.254248
0.573623 0.355139
0.326405 0.311272
0.768783 0.5595
0.15879 0.221975
0.666244 0.437081
0.123836 0.219771
0.152162 0.233293
0.620622 0.376759
0.307065 0.336473
0.818668 0.588181
0.177916 0.244875
5.20378 2.33209
8.17084 2.90393
1.91088 1.02271
0.922171 0.635431
0.158701 0.242521
0.624692 0.392662
0.179254 0.254696
0.120758 0.210678
0.631072 0.390186
0.118193 0.210302
0.993946 0.693666
0.13014 0.21478
0.152276 0.242048
0.653956 0.426773
0.133924 0.219769
0.752554 0.542137
0.221337 0.292907
4.96981 19.4315
0.632431 0.39279
0.212811 0.265056
0.650179 0.391391
0.112361 0.216134
0.683153 0.428186
0.133043 0.219425
0.632645 0.751476
1.11296 0.921943
0.655796 0.399012
0.165732 0.242041
0.144139 0.24578
0.647113 0.395312
0.249845 0.339098
0.798092 0.490776
0.132611 0.210665
0.657296 0.403646
0.168906 0.251277
0.157214 0.239648
0.616643 0.366633
0.121433 0.214131
0.806748 0.489795
0.129616 0.210196
0.198718 0.282329
0.646428 0.397763
0.2245 0.320075
0.639242 0.397755
0.29133 0.299921
0.644317 0.403927
0.116752 0.204134
0.235098 0.286079
0.609236 0.383046
0.106528 0.199083
0.645892 0.402372
0.295696 0.298501
0.122009 0.234167
0.667872 0.406661
0.280952 0.360752
5.89648 0.733253
35.5045 6.06946
10.4096 5.98429
5.63307 31.0063
0.165922 0.239785
0.684386 0.433291
0.115076 0.214449
0.607016 0.379355
0.102394 0.186196
0.333438 0.352498
0.634602 0.389989
0.21638 0.309389
0.687213 0.445637
0.121725 0.206549
0.619901 0.390463
0.136026 0.221012
0.334069 0.325935
0.594859 0.375896
0.128338 0.221549
0.68419 0.431963
0.113614 0.18876
0.1146 0.226435
0.669726 0.411852
0.299784 0.306469
0.736997 0.522013
0.201771 0.256252
0.126116 0.218573
0.607228 0.376873
0.145269 0.220407
0.65001 0.40277
0.291387 0.309166
0.620369 0.393386
0.19033 0.245706
0.129633 0.233522
0.646923 0.397921
0.133413 0.219204
0.925588 0.631679
0.108191 0.195553
0.141877 0.238662
0.68894 0.435409
0.148008 0.226026
0.642212 0.39996
0.129059 0.222093
0.79743 0.478559
0.123508 0.208428
0.155032 0.242546
0.694635 0.426164
0.1191 0.201734
0.744593 0.535157
0.139266 0.215544
0.373458 0.310889
0.630064 0.403707
0.222375 0.268637
0.619508 0.378286
0.112308 0.218848
0.604459 0.397839
0.131221 0.204776
0.316412 0.347747
0.645317 0.398923
0.183528 0.25149
0.74021 0.528208
0.117121 0.198414
0.142671 0.229291
0.779893 0.474745
0.163 0.231116
0.621262 0.395827
0.170756 0.252357
0.597217 0.385347
0.108383 0.195867
0.14648 0.232588
0.791384 0.483326
0.124306 0.209807
0.746875 0.539656
0.17008 0.240509
0.138179 0.226305
0.676657 0.503548
0.171616 0.232587
0.803083 0.501837
0.125323 0.219171
0.676931 0.439388
0.120597 0.199933
0.140586 0.247101
0.646168 0.38324
0.299083 0.308252
0.77439 0.562409
0.138221 0.217529
0.173333 0.246026
0.641802 0.394087
0.141774 0.218507
0.64396 0.393701
0.294572 0.310035
0.632249 0.393929
0.198288 0.260521
0.614673 0.371877
0.114639 0.208349
0.680241 0.41777
0.113054 0.20671
0.815905 0.492372
0.12663 0.20674
0.309621 0.394479
0.59 0.362188
0.168414 0.231163
0.638008 0.393185
0.304514 0.321648
0.121272 0.204404
0.623017 0.380158
0.170897 0.252625
0.630592 0.397065
0.135077 0.21521
0.610791 0.392145
0.296889 0.30987
0.230102 0.331608
0.622461 0.389307
0.213028 0.272175
0.575641 0.362056
0.131225 0.218851
0.125147 0.212467
0.759583 0.462925
0.116305 0.212217
0.6831 0.457075
0.113788 0.20713
0.144569 0.23015
0.508314 0.349911
0.419678 0.432244
0.641924 0.533199
0.160904 0.229894
0.6654 0.439004
0.108457 0.209583
0.140384 0.223059
0.584538 0.36448
0.305605 0.325701
0.650735 0.412097
0.122075 0.207032
0.285752 0.342981
0.560462 0.354742
0.259359 0.339648
0.569191 0.371884
0.40152 0.328461
0.618788 0.396448
0.131912 0.226135
0.19598 0.262327
0.600116 0.364709
0.122215 0.221245
0.641169 0.40082
0.263836 0.283994
0.149922 0.244763
0.660954 0.423489
0.218135 0.319423
0.608463 0.397179
0.152697 0.224379
0.591586 0.38367
0.2994 0.317443
0.153381 0.227374
0.669473 0.421909
0.0980387 0.206851
0.666393 0.411211
0.11232 0.20021
0.294346 0.319208
0.57998 0.375822
0.243057 0.333252
0.654497 0.424313
0.158202 0.235386
0.594889 0.373368
0.100874 0.202146
0.282478 0.300063
0.638548 0.397321
0.121463 0.211035
0.717266 0.472316
0.119873 0.202313
0.135524 0.224785
0.587529 0.370441
0.29334 0.299677
0.746265 0.530924
0.225493 0.276387
0.593958 0.371112
0.13062 0.225949
0.129595 0.211115
0.778132 0.463278
0.204279 0.239852
0.653384 0.411766
0.183827 0.249489
0.119898 0.219651
0.583295 0.37493
0.111706 0.204807
0.872082 0.613225
0.166711 0.226494
0.596959 0.384194
0.178305 0.265823
0.129207 0.212862
0.603814 0.376949
0.118231 0.21951
0.788365 0.486627
0.132058 0.212666
0.216829 0.284901
0.533129 0.340523
36.4929 5.23722
4.96027 13.7883
0.309619 0.30277
3.54064 3.42728
0.145124 0.240262
0.178544 0.249676
0.585233 0.37953
0.144133 0.236282
0.626615 0.387572
0.27897 0.292514
0.156215 0.253763
0.591663 0.366017
0.189207 0.263872
0.725075 0.522919
0.160645 0.232334
0.629333 0.394957
0.279333 0.298645
0.153528 0.235969
0.154167 0.214366
0.629859 0.390287
0.183067 0.255383
0.20523 0.244053
0.614847 0.376002
0.242872 0.303309
0.58821 0.369809
0.140606 0.217048
0.182742 0.266477
0.659567 0.373929
0.235746 0.335342
0.638123 0.408187
0.221847 0.272905
0.629698 0.413798
0.137063 0.215563
0.204502 0.269437
0.658235 0.383445
0.129625 0.226714
0.641436 0.400117
0.218641 0.273913
0.162132 0.259867
0.62628 0.379055
0.289931 0.370718
0.781562 0.421627
0.14021 0.218047
0.738358 0.471127
0.117483 0.211556
0.186565 0.256216
0.595484 0.357963
0.201385 0.24536
0.615381 0.388476
0.12417 0.207389
0.244804 0.302824
0.608192 0.392896
0.24062 0.328879
0.732607 0.561284
0.153322 0.203969
0.611803 0.397246
0.132294 0.211447
0.261433 0.313782
0.604039 0.377088
0.131596 0.225499
0.62811 0.399572
0.165014 0.204057
0.151814 0.250085
0.736223 0.472991
0.0987782 0.189822
0.752538 0.546814
0.0985941 0.183896
0.662909 0.424653
0.173519 0.231404
0.174623 0.24669
0.70197 0.44038
0.127485 0.228689
0.594899 0.382876
0.101918 0.182125
0.22756 0.273864
0.637368 0.403486
0.143487 0.22086
0.871654 0.614112
0.136342 0.225336
0.646169 0.413072
0.155286 0.234543
0.242986 0.290618
0.625998 0.383948
0.132698 0.225397
0.716751 0.46571
0.143728 0.222322
0.128817 0.222317
0.689347 0.424708
0.158003 0.207615
0.792118 0.558075
0.241633 0.290942
0.128255 0.223405
0.652923 0.408029
0.146715 0.221187
0.690388 0.42878
0.176367 0.235375
0.617743 0.391861
14.4733 1.65206
39.316 4.30841
13.6087 3.23932
22.2288 3.39024
2.70272 1.44519
3.35989 4.30631
19.012 1.09307
0.733761 0.468125
0.157415 0.233567
0.633839 0.393855
0.159254 0.241638
4.66187 0.747813
4.78455 18.8062
0.130987 0.226223
0.767966 0.481473
0.131409 0.213019
0.760281 0.54428
0.182836 0.24431
0.155561 0.206214
0.640038 0.415055
0.272748 0.307795
0.607132 0.385206
0.132693 0.220671
0.632575 0.407544
0.167599 0.210729
0.137497 0.235229
0.670476 0.416279
0.231058 0.293543
0.766916 0.549755
0.116503 0.195168
0.206234 0.28338
0.649049 0.393368
0.170517 0.231567
0.75404 0.494331
0.103048 0.196277
0.619033 0.39541
0.126097 0.20931
0.183055 0.266133
0.685744 0.400734
0.143906 0.220111
0.878981 0.627863
0.119779 0.202333
0.599612 0.389382
0.115459 0.20852
0.812469 0.58047
0.177265 0.240244
0.630353 0.407339
0.122696 0.223586
0.247586 0.300327
0.620338 0.384225
0.121321 0.223317
0.724955 0.445733
0.150131 0.230551
0.21537 0.359798
0.73243 0.490924
0.105233 0.183868
0.720664 0.527
0.166416 0.236587
0.707761 0.442073
0.151949 0.236117
0.136218 0.22978
0.704812 0.460004
0.141212 0.233175
0.653351 0.406793
0.116182 0.206341
0.243534 0.286971
0.611667 0.394748
0.113197 0.197645
0.823175 0.601586
0.372655 0.466743
0.617421 0.393984
0.221359 0.271983
0.142572 0.222212
0.615028 0.388088
0.652035 0.800407
0.766685 0.509348
0.138803 0.217949
0.131971 0.223712
0.65616 0.405266
0.130969 0.207773
0.743136 0.54693
0.275122 0.314969
0.591557 0.380946
0.119506 0.213907
14.6741 1.56749
33.5333 8.29588
5.83173 30.5496
0.62731 0.418224
0.254387 0.332112
0.16397 0.24996
0.565367 0.367975
0.208709 0.239747
0.730096 0.521818
0.189766 0.248832
0.592979 0.381117
0.240631 0.31306
0.168125 0.249974
0.603318 0.37067
0.211502 0.25824
0.653665 0.411689
0.138182 0.219028
0.139113 0.235317
0.682646 0.437888
0.13764 0.213043
0.734566 0.530245
0.256949 0.27739
0.622869 0.385997
0.125352 0.226596
0.250194 0.300155
0.636834 0.39934
0.147179 0.229953
0.647757 0.402571
0.221004 0.257843
0.175115 0.256344
0.56669 0.355052
0.261902 0.316845
40.178 6.68766
9.79811 5.48822
0.154737 0.266393
4.79453 3.69849
23.0546 28.9958
0.624705 0.38475
0.264508 0.326097
0.676418 0.419967
26.0609 3.87903
30.4782 35.8183
24.0849 33.2846
0.135487 0.21132
0.6497 0.434859
0.377932 0.433823
0.161021 0.237842
0.609326 0.383162
0.221223 0.259129
0.635811 0.38973
0.131995 0.236299
0.77987 0.50603
45.5476 5.1977
0.141284 0.23702
0.594641 0.386139
1.67758 1.66345
0.753262 0.562027
0.251829 0.349516
0.274255 0.334594
0.639181 0.402212
1.28524 0.382562
1.44545 0.661384
0.879065 0.336854
11.1345 19.2806
0.11402 0.200232
0.255951 0.331538
0.611202 0.387387
0.120005 0.20708
0.776561 0.462539
0.268259 0.358483
0.161995 0.240671
0.628751 0.389324
0.321224 0.300205
0.667444 0.392196
0.24042 0.23389
0.831809 0.462988
0.247172 0.218913
0.186169 0.249339
0.753834 0.459653
0.181128 0.240091
0.642348 0.395639
0.319399 0.364692
0.69423 0.435379
0.144165 0.23338
0.188883 0.285471
0.669064 0.409338
0.155843 0.247616
0.681331 0.437716
0.463677 0.497953
0.632413 0.391388
0.150693 0.248562
0.176638 0.261352
0.695625 0.406838
0.137035 0.247692
0.869977 0.559708
0.125977 0.206307
0.131228 0.234885
0.593042 0.377444
0.145619 0.21758
0.659541 0.415017
0.25632 0.351046
0.792154 0.519561
0.133965 0.224652
0.137124 0.238888
0.746588 0.557518
0.250294 0.364163
0.61959 0.388956
0.138445 0.226488
0.316181 0.360759
0.559915 0.347531
0.137537 0.222957
29.3181 5.0721
0.321272 0.366748
2.43312 2.04813
0.24656 0.394327
0.310079 0.347982
0.619874 0.3795
0.148571 0.252362
0.687832 0.448881
0.171095 0.207469
0.166615 0.267795
0.798852 0.515823
0.11729 0.193269
0.808014 0.591708
0.192381 0.2677
0.342412 0.402683
0.768515 0.418785
0.129045 0.220948
0.784613 0.520027
0.135968 0.234391
0.636778 0.417213
0.156807 0.240986
0.148982 0.239876
0.600401 0.363453
0.150422 0.236166
0.810255 0.552635
0.143005 0.206111
0.260947 0.366542
0.648921 0.419204
0.1648 0.201843
0.634945 0.385183
0.140181 0.247043
0.819527 0.51774
0.123465 0.210756
0.169012 0.273715
0.647588 0.402423
0.183794 0.214054
0.648297 0.428595
0.349079 0.373947
0.266429 0.368275
0.633111 0.387781
0.132829 0.224715
0.709351 0.423927
0.129695 0.217384
0.654837 0.41627
0.31085 0.348725
0.123593 0.22524
0.593606 0.373181
0.154357 0.23986
0.657414 0.416535
0.188249 0.218787
0.2742 0.376066
0.793219 0.536257
0.125363 0.206945
0.611426 0.401143
0.142988 0.245636
0.613775 0.394111
0.156383 0.202888
0.330288 0.388549
0.52423 0.333109
0.125968 0.204378
0.618609 0.401124
0.17265 0.247904
0.31025 0.369784
0.625669 0.39233
0.326365 0.374531
0.657189 0.42265
0.137476 0.229272
0.695312 0.456047
0.12281 0.207866
46.2324 18.3829
6.23906 4.13301
1.58413 1.53843
5.69407 31.7626
0.16529 0.226883
0.277647 0.387733
0.636506 0.386541
0.121309 0.201004
0.888046 0.548263
0.122633 0.236737
0.684146 0.426462
0.178486 0.258092
0.196495 0.416084
0.652653 0.417836
0.17756 0.225251
0.854917 0.581092
0.190085 0.265126
0.291976 0.389372
0.695064 0.447504
0.175185 0.267887
0.216019 0.311477
0.654896 0.409647
0.346571 0.345545
0.170411 0.255682
0.592799 0.356343
0.136887 0.218104
0.630256 0.416309
0.128152 0.203522
0.133504 0.236393
0.860246 0.533623
0.132644 0.216795
0.656397 0.427315
0.276799 0.356073
0.634063 0.421009
0.131232 0.224911
0.175468 0.245882
0.853289 0.541249
0.119102 0.218947
0.637079 0.399148
0.175646 0.239574
0.13561 0.257343
0.642576 0.388148
0.362189 0.358842
0.659636 0.421093
0.204081 0.3044
0.67299 0.408877
0.133288 0.231398
0.161876 0.231341
0.591567 0.364001
0.358272 0.352864
0.586608 0.371462
0.619841 2.05563
0.228834 0.36385
0.652955 0.409681
0.126736 0.205613
0.605034 0.400053
0.145168 0.240971
0.59026 0.373393
0.358564 0.350334
0.121694 0.228395
0.651254 0.390022
0.13641 0.208819
0.658627 0.436039
0.235204 0.332988
0.89143 0.554665
0.108252 0.220292
0.163806 0.229048
0.601591 0.368171
0.142169 0.227058
0.597145 0.393447
0.108244 0.198126
0.364479 0.356714
0.647611 0.404076
0.109598 0.186304
0.669542 0.412739
0.234529 0.333734
0.622524 0.383852
0.115122 0.206871
0.383192 0.355267
0.593512 0.372831
0.118042 0.202677
0.618836 0.394188
0.10292 0.202255
0.123186 0.216873
0.759137 0.384412
0.20514 0.318303
0.626056 0.410371
0.400503 0.539864
0.5545 0.333308
0.189423 0.275008
0.139231 0.214311
0.838391 0.513902
0.0939799 0.195935
0.590618 0.391506
0.125754 0.195653
0.154071 0.243268
0.618159 0.395144
0.100473 0.182318
0.971467 0.595454
0.102209 0.19634
0.240423 0.347873
0.633777 0.404841
0.139125 0.210128
0.597001 0.393162
0.114064 0.207681
0.816732 0.514579
0.0869442 0.188519
0.155945 0.248587
0.641465 0.40833
0.128503 0.203662
0.633373 0.433416
0.129018 0.207368
0.469401 0.46531
0.611812 0.413755
0.167156 0.236679
0.625635 0.401575
0.125613 0.220585
0.583017 0.387727
0.380967 0.355092
0.208027 0.358642
0.633188 0.403041
0.147142 0.217943
0.65751 0.428487
0.10897 0.203805
0.22878 0.327619
1.81282 1.48531
58.3854 58.7964
58.7054 58.4913
58.2449 58.3338
58.6728 58.4545
58.2057 58.3071
45.1614 45.2786
59.1136 58.7781
56.257 56.6766
13.381 13.8881
309.055 315.844
0.664309 0.427925
0.181763 0.2378
0.744222 0.539122
0.214743 0.270856
0.808764 0.533412
0.140891 0.248687
0.192161 0.263194
0.664188 0.428318
0.15228 0.224186
0.629344 0.400436
0.33521 0.354387
0.131748 0.244354
0.569709 0.370381
0.145764 0.2142
0.750702 0.548458
0.17336 0.227354
0.572184 0.363334
0.338345 0.370798
0.106859 0.208918
0.631778 0.394902
0.158409 0.240403
0.660204 0.398455
0.112208 0.209974
0.141857 0.239108
0.854141 0.635694
0.122058 0.236367
0.621646 0.419179
0.292566 0.366111
0.598058 0.37079
0.107405 0.215424
22.6555 2.26327
22.1403 5.91793
20.9504 1.19653
0.622576 0.384284
1.09905 0.651114
0.199084 0.274891
0.550379 0.356497
0.347285 0.363449
0.609218 0.431551
0.263597 0.355414
0.6105 0.400838
0.1755 0.22634
0.196583 0.315453
0.742137 0.504031
0.31821 0.350432
0.626362 0.408931
0.166457 0.245771
0.189676 0.27871
0.583894 0.350864
0.126184 0.20108
0.635426 0.422507
0.448305 0.471538
1.74729 0.571623
0.131414 0.223615
0.151999 0.228382
0.767972 0.52829
0.1107 0.223926
0.842178 0.563233
0.109269 0.18984
0.144162 0.253313
0.572136 0.370583
0.176278 0.217162
0.608674 0.401653
0.274816 0.365152
0.812464 0.537296
1.11917 1.1565
1.31994 1.12504
0.933569 1.02322
1.9483 1.76706
1.10136 1.16585
1.37142 1.16703
1.09441 1.12314
0.910283 0.990759
1.53695 1.32219
0.903753 0.998053
1.43823 1.20666
0.918715 0.964445
0.902854 1.01341
1.54012 1.25981
0.882323 0.974038
1.40848 1.18081
1.04504 1.12569
0.96832 1.00814
1.38648 1.15137
0.897245 0.983494
1.7773 1.49956
0.113753 0.211888
0.695471 0.444862
0.137142 0.212959
0.19165 0.250996
0.564339 0.358475
0.141405 0.233729
0.806554 0.540291
0.267682 0.35066
0.19107 0.284443
0.637335 0.406439
0.161784 0.209374
0.788681 0.591694
0.429869 0.39876
 
 
0.137014 0.23331
0.648586 0.412104
4.49153 13.5782
0.598658 0.360247
0.374898 0.386687
0.242395 0.350032
0.621105 0.391493
0.161206 0.243675
0.69477 0.413203
0.118971 0.215661
0.198136 0.271122
0.816051 0.525779
0.108496 0.206873
0.674729 0.427028
0.611683 0.383175
0.146979 0.218449
0.154403 0.222036
0.639784 0.392992
0.132216 0.213025
0.882903 0.625201
0.134147 0.20823
0.627315 0.405696
0.138749 0.224978
0.215439 0.244974
0.593235 0.376226
0.308796 0.349589
0.562917 0.373453
0.134898 0.204445
0.140152 0.247514
0.618838 0.379291
0.171702 0.207597
0.591726 0.404794
0.404266 0.448473
0.133079 0.222093
0.599798 0.3983
0.186879 0.249717
0.664409 0.406239
0.13864 0.225274
0.597973 0.390343
0.293619 0.32723
0.133788 0.22701
0.617948 0.389433
0.146905 0.226494
0.638888 0.392917
0.219858 0.313572
0.133943 0.224067
0.833492 0.630712
0.163877 0.221161
0.597763 0.394515
0.631728 0.428916
0.149324 0.19791
0.152028 0.241537
0.60954 0.385097
0.302309 0.34034
0.610693 0.403533
0.226586 0.319807
0.151656 0.237947
0.622609 0.37603
0.157567 0.221789
0.786538 0.521746
0.118258 0.215661
0.613138 0.383952
0.127457 0.216115
0.163118 0.259433
0.683406 0.410746
0.169493 0.264473
0.770175 0.538025
0.24994 0.348266
0.161184 0.239069
0.593007 0.404212
0.215321 0.244512
0.605571 0.386299
0.110682 0.205534
0.75488 0.510301
0.126086 0.204393
