-0.378814 -0.415621 -0.399976 -0.333854 -0.225599 -0.088873 0.059069 0.199556 0.314859 0.390426 0.416722 0.390426 0.314859 0.199556 0.059069 -0.088873 -0.225599 -0.333854 -0.399976 -0.415621 
-0.066022 -0.072437 -0.069711 -0.058186 -0.039319 -0.015489 0.010295 0.034780 0.054876 0.068046 0.072629 0.068046 0.054876 0.034780 0.010295 -0.015489 -0.039319 -0.058186 -0.069711 -0.072437 
0.255102 0.279888 0.269353 0.224824 0.151923 0.059849 -0.039778 -0.134385 -0.212033 -0.262922 -0.280629 -0.262922 -0.212033 -0.134385 -0.039778 0.059849 0.151923 0.224824 0.269353 0.279888 
0.544032 0.596892 0.574423 0.479462 0.323992 0.127635 -0.084831 -0.286591 -0.452182 -0.560708 -0.598472 -0.560708 -0.452182 -0.286591 -0.084831 0.127635 0.323992 0.479462 0.574423 0.596892 
0.764304 0.838567 0.807001 0.673591 0.455173 0.179312 -0.119178 -0.402628 -0.635266 -0.787733 -0.840787 -0.787733 -0.635266 -0.402628 -0.119178 0.179312 0.455173 0.673591 0.807001 0.838567 
0.888121 0.974414 0.937735 0.782712 0.528911 0.208361 -0.138485 -0.467854 -0.738179 -0.915345 -0.976994 -0.915345 -0.738179 -0.467854 -0.138485 0.208361 0.528911 0.782712 0.937735 0.974414 
0.899856 0.987289 0.950125 0.793055 0.535900 0.211114 -0.140315 -0.474035 -0.747933 -0.927440 -0.989903 -0.927440 -0.747933 -0.474035 -0.140315 0.211114 0.535900 0.793055 0.950125 0.987289 
0.798028 0.875567 0.842609 0.703312 0.475257 0.187224 -0.124437 -0.420394 -0.663296 -0.822490 -0.877886 -0.822490 -0.663296 -0.420394 -0.124437 0.187224 0.475257 0.703312 0.842609 0.875567 
0.595488 0.653348 0.628754 0.524811 0.354637 0.139707 -0.092855 -0.313698 -0.494952 -0.613742 -0.655078 -0.613742 -0.494952 -0.313698 -0.092855 0.139707 0.354637 0.524811 0.628754 0.653348 
0.317797 0.348676 0.335551 0.280079 0.189261 0.074558 -0.049554 -0.167413 -0.264143 -0.327539 -0.349599 -0.327539 -0.264143 -0.167413 -0.049554 0.074558 0.189261 0.280079 0.335551 0.348676 
-0.000000 -0.000000 -0.000000 -0.000000 -0.000000 -0.000000 0.000000 0.000000 0.000000 0.000000 0.000000 0.000000 0.000000 0.000000 0.000000 -0.000000 -0.000000 -0.000000 -0.000000 -0.000000 
-0.317797 -0.348676 -0.335551 -0.280079 -0.189261 -0.074558 0.049554 0.167413 0.264143 0.327539 0.349599 0.327539 0.264143 0.167413 0.049554 -0.074558 -0.189261 -0.280079 -0.335551 -0.348676 
-0.595488 -0.653348 -0.628754 -0.524811 -0.354637 -0.139707 0.092855 0.313698 0.494952 0.613742 0.655078 0.613742 0.494952 0.313698 0.092855 -0.139707 -0.354637 -0.524811 -0.628754 -0.653348 
-0.798028 -0.875567 -0.842609 -0.703312 -0.475257 -0.187224 0.124437 0.420394 0.663296 0.822490 0.877886 0.822490 0.663296 0.420394 0.124437 -0.187224 -0.475257 -0.703312 -0.842609 -0.875567 
-0.899856 -0.987289 -0.950125 -0.793055 -0.535900 -0.211114 0.140315 0.474035 0.747933 0.927440 0.989903 0.927440 0.747933 0.474035 0.140315 -0.211114 -0.535900 -0.793055 -0.950125 -0.987289 
-0.888121 -0.974414 -0.937735 -0.782712 -0.528911 -0.208361 0.138485 0.467854 0.738179 0.915345 0.976994 0.915345 0.738179 0.467854 0.138485 -0.208361 -0.528911 -0.782712 -0.937735 -0.974414 
-0.764304 -0.838567 -0.807001 -0.673591 -0.455173 -0.179312 0.119178 0.402628 0.635266 0.787733 0.840787 0.787733 0.635266 0.402628 0.119178 -0.179312 -0.455173 -0.673591 -0.807001 -0.838567 
-0.544032 -0.596892 -0.574423 -0.479462 -0.323992 -0.127635 0.084831 0.286591 0.452182 0.560708 0.598472 0.560708 0.452182 0.286591 0.084831 -0.127635 -0.323992 -0.479462 -0.574423 -0.596892 
-0.255102 -0.279888 -0.269353 -0.224824 -0.151923 -0.059849 0.039778 0.134385 0.212033 0.262922 0.280629 0.262922 0.212033 0.134385 0.039778 -0.059849 -0.151923 -0.224824 -0.269353 -0.279888 
0.066022 0.072437 0.069711 0.058186 0.039319 0.015489 -0.010295 -0.034780 -0.054876 -0.068046 -0.072629 -0.068046 -0.054876 -0.034780 -0.010295 0.015489 0.039319 0.058186 0.069711 0.072437 
