0.000000	0	0	40
0.000635	0	0	40
0.000695	0	40	0
0.000927	489	0	0
0.003252	489	0	0
0.043938	279	0	0
0.047388	279	0	0
0.048463	279	0	0
0.048516	0	40	0
0.430936	369	0	0
0.432915	369	0	0
0.566859	0	40	0
0.568646	0	40	0
0.587852	302	0	0
0.589116	302	0	0
0.785593	0	40	0
0.788222	0	40	0
1.004304	0	40	0
1.750610	286	0	0
1.752621	286	0	0
1.879290	0	40	0
1.881185	0	40	0
1.933024	286	0	0
1.934501	286	0	0
2.098046	0	40	0
2.149189	0	40	0
2.316787	0	40	0
2.318155	0	40	0
2.339493	286	0	0
2.340859	286	0	0
2.535541	0	40	0
2.537804	0	40	0
2.592957	286	0	0
2.594619	286	0	0
2.754274	0	40	0
2.755706	0	40	0
2.973001	0	40	0
5.145459	362	0	0
5.147165	362	0	0
5.269845	0	40	0
5.714462	0	40	0
5.926055	0	40	0
5.928525	0	40	0
6.031708	402	0	0
6.033394	402	0	0
6.144807	0	40	0
6.145728	0	40	0
6.199460	401	0	0
6.200836	401	0	0
6.368997	0	40	0
6.370829	0	40	0
6.417836	342	0	0
6.419312	342	0	0
6.582295	0	40	0
6.583232	0	40	0
6.788451	335	0	0
6.790184	335	0	0
6.910443	0	40	0
6.911627	0	40	0
7.015088	355	0	0
7.016719	355	0	0
7.030334	355	0	0
7.030459	355	0	0
7.030485	0	40	0
7.122258	397	0	0
7.123993	397	0	0
7.135023	397	0	0
7.135164	0	40	0
7.136245	0	40	0
7.136471	0	40	0
7.136521	0	40	0
7.221028	417	0	0
7.223279	417	0	0
7.347919	0	40	0
7.349000	0	40	0
7.366919	419	0	0
7.368674	419	0	0
7.566660	0	40	0
7.567633	0	40	0
7.646625	427	0	0
7.648603	427	0	0
7.785425	0	40	0
7.786755	0	40	0
7.839501	396	0	0
7.841367	396	0	0
8.004166	0	40	0
8.006339	0	40	0
8.057024	849	0	0
8.059336	849	0	0
8.222859	0	40	0
8.254565	0	40	0
8.257302	0	40	0
8.257371	0	40	0
8.258533	0	40	0
8.259851	0	40	0
8.259886	0	40	0
8.261082	0	40	0
8.262401	0	40	0
8.262435	0	40	0
8.263631	0	40	0
8.263689	0	40	0
8.264996	0	40	0
8.266355	0	40	0
8.266388	0	40	0
8.267584	0	40	0
8.268944	0	40	0
8.268978	0	40	0
8.270176	0	40	0
8.271610	0	40	0
8.271644	0	40	0
8.272831	0	40	0
8.274150	0	40	0
8.274188	0	40	0
8.275382	0	40	0
8.276740	0	40	0
8.276776	0	40	0
8.277970	0	40	0
8.279222	0	40	0
8.279256	0	40	0
8.280782	0	40	0
8.281021	0	40	0
8.281048	0	40	0
8.348079	336	0	0
8.350028	336	0	0
8.551002	0	40	0
8.552914	0	40	0
8.570308	355	0	0
8.572235	355	0	0
8.769734	0	40	0
8.771799	0	40	0
8.794515	357	0	0
8.796038	357	0	0
8.988522	0	40	0
8.990763	0	40	0
9.052238	335	0	0
9.053746	335	0	0
9.207229	0	40	0
9.208993	0	40	0
9.263381	335	0	0
9.265068	335	0	0
9.425979	0	40	0
9.427162	0	40	0
9.495880	335	0	0
9.497513	335	0	0
9.644747	0	40	0
9.646501	0	40	0
9.694543	335	0	0
9.696012	335	0	0
9.863469	0	40	0
9.865086	0	40	0
9.906424	336	0	0
9.908162	336	0	0
10.082215	0	40	0
10.083852	0	40	0
10.300968	0	40	0
