180.774 486.612
196.889 551.681
232.625 518.948
187.674 552.462
162.328 354.419
147.739 409.573
181.742 411.865
197.201 380.542
233.884 460.014
184.722 395.331
212.358 478.306
199.805 363.762
140.156 240.647
159.225 349.894
192.926 394.862
183.038 375.956
155.812 358.183
145.949 387.19
192.31 304.912
118.685 272.699
130.312 1030.33
163.041 304.819
189.382 457.594
129.003 261.775
152.218 410.808
207.996 494.056
253.733 472.325
221.297 1258.96
551.587 1541.48
211.608 1586.55
174.296 1597.15
209.362 2029.97
148.026 1158.21
159.07 366.2
199.283 1533.25
164.073 451.842
264.932 2039.7
237.368 2535.29
265.985 4775.77
237.879 5248.2
679.715 3409.19
247.095 4649.4
292.89 4869.95
241.388 6582.56
304.385 7036.67
325.794 7010.3
397.711 6319.09
289.54 3990.96
322.506 537.878
233.403 531.857
473.338 555.533
212.14 542.339
620.312 393.198
212.53 546.282
257.459 473.351
206.721 708.751
212.375 570.101
261.381 544.331
274.964 1049.83
289.565 549.628
198.342 790.908
396.376 500.155
157.186 612.858
222.675 2004.32
679.31 2062.2
248.599 2034.61
254.08 1124.9
187.674 914.331
251.372 2006.15
236.773 3598.59
335.711 6593.19
225.892 4975.25
331.39 440.113
248.641 453.557
221.272 463.85
115.81 273.885
539.847 281.544
171.326 400.686
196.563 370.106
135.122 296.008
150.963 358.818
154.77 431.055
260.234 485.177
233.845 991.166
159.592 363.282
152.164 567.155
139.106 448.036
123.818 397.434
162.207 464.231
146.056 498.631
177.709 452.526
168.353 488.877
139.534 490.988
171.954 503.8
175.828 470.596
156.454 346.86
301.296 312.055
163.655 387.664
142.375 281.527
167.132 384.357
195.689 419.327
232.629 501.89
235.602 424.376
225.488 382.357
176.246 415.458
163.259 388.931
262.522 454.338
154.522 334.012
221.509 1770.33
247.308 1106.16
178.332 516.088
216.017 458.745
563.336 409.521
228.483 399.156
188.675 322.765
212.025 396.378
251.405 449.503
226.261 368.773
305.238 553.217
324.237 430.966
179.108 1342.55
213.187 2299.17
201.823 2178.52
254.05 1317.3
615.648 1059.35
195.769 2304.15
230.228 4183.51
196.697 4650.37
281.341 5643.03
210.72 6265.92
326.5 5997.05
252.071 5305.44
171.906 2129.86
178.09 1978.83
172.336 604.307
160.29 314.121
547.327 347.478
181.94 425.983
169.884 294.754
156.125 352.403
158.46 327.56
160.513 375.92
209.053 419.437
150.012 685.832
211.399 985.606
146.25 1073.28
161.438 911.492
386.849 838.609
331.562 659.706
183.105 727.757
201.763 908.698
156.043 831.439
174.828 741.862
152.819 683.704
169.511 1008.04
187.384 732.317
187.93 2547.73
191.983 2881.1
210.569 2375.3
405.585 2413.82
394.246 2361.97
191.257 2220.82
215.365 2347.51
280.296 2365.86
210.693 3599.73
184.039 2515.31
207.557 2327.05
271.795 2619.02
182.552 357.827
190.782 482.538
134.319 196.024
375.003 750.281
371.812 392.576
188.281 426.356
217.994 471.713
224.732 448.571
215.839 857.245
213.333 1758.37
189.413 630.597
174.613 418.156
95.1044 406.489
108.831 406.105
95.8533 204.469
118.551 398.52
174.263 248.116
117.867 338.112
117.191 455.199
120.372 354.491
109.51 313.831
98.7378 257.873
133.247 410.88
98.584 250.096
98.2015 278.279
115.291 343.038
109.093 221.564
129.47 1043.05
128.978 281.459
118.401 344.519
133.693 461.936
168.377 430.072
114.125 269.227
119.93 237.656
119.453 340.864
162.595 408.044
121.555 577.72
138.984 636.069
190.365 455.174
341.125 464.726
306.308 308.153
206.864 465.672
164.966 566.699
160.819 379.059
153.994 311.838
200.227 416.46
198.529 438.069
148.458 519.164
196.995 1508.21
122.039 2089.52
152.804 1921.4
344.237 1962.08
360.622 1836.49
155.525 1004.85
179.524 683.488
202.875 600.024
188.944 529.506
210.716 617.275
224.072 557.274
219.391 623.752
148.618 1355
224.106 1017.08
164.925 941.977
438.092 1961.27
370.73 333.037
167.065 345.34
253.161 572.431
241.767 463.065
195.511 355.74
235.962 385.721
191.114 572.859
138.528 516.087
187.93 413.276
185.796 457.303
136.141 272.515
309.397 500.357
392.73 347.5
240.544 420.053
198.222 501.948
206.505 556.168
230.276 2110.6
148.613 305.948
243.259 429.085
357.261 475.569
122.922 651.685
113.3 487.495
119.625 274.426
334.466 451.182
349.796 720.331
384.547 548.871
207.076 626.753
261.124 444.087
145.421 400.576
137.496 431.308
156.831 474.661
122.155 435.269
115.965 446.038
103.716 472.747
94.1094 347.23
142.699 450.057
107.666 223.552
131.329 374.495
133.896 436.345
184.091 352.577
148.046 292.362
149.914 332.298
119.985 309.468
119.387 353.192
145.37 397.605
159.63 436.708
328.364 251.995
227.85 434.114
158.379 318.702
148.042 421.322
282.663 450.592
215.819 433.743
141.245 337.71
200.1 318.635
236.181 420.678
176.707 429.736
181.316 528.843
162.986 603.724
192.785 285.505
313.711 420.882
411.715 361.767
257.465 460.178
225.119 480.967
183.558 458.144
204.791 289.192
175.97 288.048
151.675 320.766
181.673 416.756
