0.000000	0	0	0
0.001598	0	0	0
0.139316	0	0	0
0.140188	0	0	0
0.241998	0	0	0
0.243432	0	0	0
0.358052	0	0	0
0.359413	0	0	0
0.412853	0	0	0
0.414477	0	0	0
0.576798	0	0	0
0.577961	0	0	0
0.604258	0	0	0
0.605821	0	0	0
0.795555	0	0	0
0.796872	0	0	0
0.817179	0	0	0
0.818805	0	0	0
1.014289	0	0	0
1.015392	0	0	0
1.043039	0	0	0
1.044600	0	0	0
1.233037	0	0	0
1.235063	0	0	0
1.261778	0	0	0
1.263813	0	0	0
1.451786	0	0	0
1.453238	0	0	0
1.481673	0	0	0
1.483596	0	0	0
1.670529	0	0	0
1.671988	0	0	0
1.702194	0	0	0
1.703880	0	0	0
1.889261	0	0	0
1.890500	0	0	0
1.918103	0	0	0
1.919622	0	0	0
2.108003	0	0	0
2.108936	0	0	0
2.284070	0	0	0
2.285506	0	0	0
2.436131	0	0	0
2.437497	0	0	0
2.475955	0	0	0
2.478337	0	0	0
2.654862	0	0	0
2.657837	0	0	0
2.732258	0	0	0
2.734974	0	0	0
2.873623	0	0	0
3.048027	0	0	0
3.201721	0	0	0
3.202797	0	0	0
3.224067	0	0	0
3.225724	0	0	0
3.420481	0	0	0
3.523674	0	0	0
3.525741	0	0	0
3.525814	0	0	0
3.526971	0	0	0
3.528291	0	0	0
3.528327	0	0	0
3.529519	0	0	0
3.530842	0	0	0
3.530879	0	0	0
3.532071	0	0	0
3.532130	0	0	0
3.533349	0	0	0
3.603053	0	0	0
3.605186	0	0	0
3.748599	0	0	0
3.775902	0	0	0
3.778163	0	0	0
3.778235	0	0	0
3.779392	0	0	0
3.780761	0	0	0
3.780817	0	0	0
3.781986	0	0	0
3.783408	0	0	0
3.783460	0	0	0
3.784640	0	0	0
3.784711	0	0	0
3.785953	0	0	0
3.892119	0	0	0
3.894399	0	0	0
4.076692	0	0	0
4.098139	0	0	0
4.100633	0	0	0
4.100724	0	0	0
4.101868	0	0	0
4.103226	0	0	0
4.103262	0	0	0
4.104456	0	0	0
4.105707	0	0	0
4.105743	0	0	0
4.107030	0	0	0
4.107086	0	0	0
4.108282	0	0	0
4.109671	0	0	0
4.109702	0	0	0
4.197666	0	0	0
4.199424	0	0	0
4.384411	0	0	0
4.384503	0	0	0
4.385634	0	0	0
4.386995	0	0	0
4.387061	0	0	0
4.388225	0	0	0
4.388307	0	0	0
4.389195	0	0	0
4.458174	0	0	0
4.460246	0	0	0
4.623564	0	0	0
4.624602	0	0	0
4.680315	0	0	0
4.681675	0	0	0
4.842304	0	0	0
4.844185	0	0	0
4.993207	0	0	0
4.995554	0	0	0
5.170428	0	0	0
-54.121709	0	0	0
-54.119591	0	0	0
-54.119520	0	0	0
-54.118360	0	0	0
-54.117039	0	0	0
-54.117003	0	0	0
-54.115778	0	0	0
-54.114533	0	0	0
-54.114494	0	0	0
-54.111694	0	0	0
-54.111641	0	0	0
-54.110463	0	0	0
-54.109083	0	0	0
-54.109050	0	0	0
-54.107854	0	0	0
-54.106492	0	0	0
-54.106449	0	0	0
-54.105257	0	0	0
-54.104711	0	0	0
-54.104679	0	0	0
-54.017940	0	0	0
-54.015346	0	0	0
-53.845233	0	0	0
-53.843627	0	0	0
-53.626498	0	0	0
