4615.286 526.503
4648.328 564.749
4753.007 584.089
4904.763 629.607
4740.662 776.533
5100.548 687.218
4921.633 568.991
4674.481 510.188
4891.123 719.533
4860.303 721.259
4814.527 856.897
4937.441 712.541
5151.46 571.31
2375.291 539.845
2768.071 539.451
3484.666 677.547
2691.199 645.098
2750.053 653.789
2500.805 660.983
2252.482 619.529
2740.319 607.301
3249.851 581.45
3103.276 598.47
2995.295 579.606
3500.414 704.234
3416.066 558.678
2852.302 561.207
2557.233 469.566
2357.166 605.94
2073.163 485.295
2304.465 553.459
2381.88 553.42
2083.5 600.031
2408.445 624.185
2526.107 738.703
2602.695 712.786
2027.051 603.758
2279.228 667.818
2173.138 620.476
3431.833 459.648
3098.78 599.135
3431.416 603.872
4746.242 608.937
3633.108 545.683
3371.983 553.8
4179.402 570.43
3520.678 571.248
3579.654 586.892
3576.483 673.865
2610.664 610.327
2845.658 621.615
2433.851 594.055
1980.64 507.343
2082.456 562.996
2684.282 773.541
2694.267 720.042
2252.393 677.173
2899.996 713.144
2707.814 787.748
2923.345 566.093
2825.134 569.58
2740.565 673.286
2518.685 744.046
2418.197 717.784
2154.481 709.018
2779.924 521.969
3418.235 535.799
3565.237 684.348
2620.585 738.546
2338.411 703.826
2394.297 562.617
2536.613 608.499
2061.039 593.708
2921.366 638.543
2711.279 727.016
2594.206 692.567
3096.952 862.42
3515.245 953.833
