11411.6 13986.7 42000
10885.6 14416.9 42000
10766.3 15762.4 42000
10893.8 12039.8 42000
9380.59 11935.8 42000
10185 13706.2 42000
9895.73 14492.1 42000
9762.66 12444.8 42000
9735.27 13828.5 42000
11085.6 13516.7 42000
9579.79 13972.3 42000
9779.67 16522.4 42000
12477 16846.7 42000
12214 15735.9 42000
15163.6 15001.2 42000
12397.8 12631.5 42000
9700.68 13118.6 42000
10785 14180.8 42000
12026.7 14264.1 42000
9993.45 17816.1 42000
10570.9 19114 42000
10810 18288.5 42000
10617 18932.2 42000
8750.64 17573.7 42000
9640.08 13455.2 42000
9772.29 12912.6 42000
10927.2 14451.7 42000
10725.4 15030.9 42000
10521.7 13723.2 42000
16848.5 14973.3 42000
16445.5 14262.2 42000
15364.1 13415.1 42000
15999.9 14321 42000
15977.5 16871.8 42000
14702.7 14736.8 42000
17081.2 14708.9 42000
9255.72 14439.4 42000
9517.89 14770.9 42000
8708.66 15418.7 42000
7611.34 15025.5 42000
8010.48 16171.6 42000
8772.49 13957.3 42000
8115.6 14743.6 42000
10234.4 12832.5 42000
10028.5 14001.7 42000
10224.1 14275.4 42000
11651.5 14150.7 42000
9199.28 14332.7 42000
655.231 1891.17 42000
714.899 1824.21 42000
556.435 1895.84 42000
593.557 1637.13 42000
708.833 1699.12 42000
646.754 1718.12 42000
685.506 1666.73 42000
547.394 2090.59 42000
587.592 1771.8 42000
743.94 2004.2 42000
1454.17 2047.89 42000
733.864 1947.92 42000
909.045 1441.04 42000
664.177 1368.79 42000
811.785 1561.32 42000
671.275 1634.58 42000
501.008 1374.92 42000
611.046 1343.9 42000
553.153 1195.4 42000
571.864 1347.73 42000
896.634 1372.06 42000
642.801 1465.72 42000
736.914 1435.23 42000
596.909 1491.3 42000
9634.78 11705.8 42000
9940.77 11989.6 42000
8122.25 13951.9 42000
8196.83 13474.9 42000
9545.3 10886.2 42000
11116.1 11662.6 42000
11008.2 11325.1 42000
13445.4 14213.4 42000
14836.8 14011.6 42000
13023.2 12814.5 42000
13319.3 13545.6 42000
10819.8 13404.1 42000
10858.7 13602.7 42000
9693.42 12199.2 42000
10877.6 13928.7 42000
14164.8 17812.6 42000
10875.2 16260.4 42000
10505.2 15180 42000
9868.32 15497.8 42000
9588.94 15758.1 42000
11172.2 15505.4 42000
10265.9 14890.7 42000
10756.3 14333.6 42000
10896.7 14885 42000
21649.8 17719.3 42000
21149.9 15847.3 42000
19653.8 12237.1 42000
22268.8 11736.9 42000
25607.9 12161 42000
21149.7 11007.7 42000
21122.1 12465 42000
21554.6 13496.5 42000
20019.3 12367.2 42000
20068.4 12284.5 42000
20276.6 12908 42000
18996 11874 42000
24534.8 14335.5 42000
26898.4 13893.8 42000
24497.9 12009.7 42000
25111.9 13950 42000
24400.3 13155.1 42000
26365.3 13558.1 42000
24356.5 14294.4 42000
25867.4 14932.9 42000
25559 12096.8 42000
1494.41 2122.19 42000
1685.87 1251.26 42000
2472.6 1576.66 42000
1207.04 1185.42 42000
1814.05 1248.7 42000
1372.46 1215.07 42000
1502.04 957.394 42000
1335.6 1363.65 42000
1668.47 1446.74 42000
2411.01 1627.02 42000
2373.18 1353.06 42000
1612.33 1294.45 42000
1147.88 1068.69 42000
1264.73 1116.94 42000
1386.42 1143.34 42000
1322.8 1358.07 42000
1829.89 1134.8 42000
1317.42 1183.14 42000
1440.33 1104.81 42000
1386.58 1265.11 42000
1342.61 1171.95 42000
1199.1 1451.74 42000
1615.69 1466.22 42000
1391.77 1288.56 42000
21997.9 14294.3 42000
20921.4 15508.5 42000
26797.2 16230.3 42000
24869.4 13394.3 42000
22074.6 14186.6 42000
22290.1 13939.4 42000
24707.8 13988.2 42000
21546.2 14943.7 42000
23068.5 13845.8 42000
22361.8 15828.4 42000
19926.6 15255.8 42000
21710.7 15434.7 42000
18682.7 12130.6 42000
19370.6 11429.6 42000
19346.7 12770.3 42000
18663.3 12612.5 42000
17026.7 11288.5 42000
17775.4 11726.1 42000
19992.1 12683.5 42000
21128.2 11224.6 42000
22944.3 12988.2 42000
22031.4 13348.2 42000
18290.9 14136.5 42000
19560.9 15118.6 42000
20607.4 11859.7 42000
20984.6 12508.2 42000
21657.1 13266.1 42000
21435.5 11809.2 42000
19209.3 12110.4 42000
17344.8 12040.5 42000
18648.5 13008.3 42000
19865 10951.3 42000
18624.5 11379.5 42000
20693.9 12743.6 42000
18518.9 11765.8 42000
20049.6 10867.7 42000
19910.8 13390.2 42000
18257.2 13002.5 42000
20020.7 12389.5 42000
21004.7 11762.1 42000
20531.9 12748.3 42000
22746.4 12875.5 42000
21010 12277.9 42000
23372.8 13681 42000
22133.7 11652.1 42000
18406.1 11501.1 42000
18740.5 13160.2 42000
21096.6 12369.2 42000
19502.6 12493.7 42000
17679.9 13694.2 42000
17526.3 13992.7 42000
19140.6 15587.9 42000
20937.6 13705.8 42000
18558.6 13109.9 42000
18006.5 10869.3 42000
17198.1 10931.5 42000
22585.2 11195.9 42000
19199.2 10176.9 42000
20263.1 12279.8 42000
17438.2 11570.7 42000
1725.9 3103.37 42000
1667.88 2970.8 42000
1747.11 3030.8 42000
1519.63 2899.86 42000
1622.07 2896.12 42000
2039.59 2905.1 42000
2536.25 2326.28 42000
2071.48 1580.27 42000
1608.49 1544.97 42000
1534.84 1695.55 42000
2717.7 3185.76 42000
2220.8 3198.68 42000
3864.62 1232.72 42000
3800.14 1436.45 42000
4025 1318.2 42000
2664.88 1646.31 42000
2727.96 1408.55 42000
3241.45 1432.97 42000
3296.63 1292.04 42000
2686.07 1502.24 42000
2596.96 1324.88 42000
2921.36 1539.18 42000
2868.11 1533.46 42000
2678.31 1567.34 42000
26461.3 14785.9 42000
25712.6 12733.1 42000
25023 12818.6 42000
21943.7 14409.1 42000
19985.2 13675.1 42000
24254.7 13368.7 42000
21946.4 13491.2 42000
24896.6 13491.7 42000
21625.7 15341.4 42000
23796.1 15437.4 42000
22230 13348.5 42000
24181 12751.3 42000
22798.2 16062.3 42000
20359.3 13806.9 42000
21203.5 15185.3 42000
25770.8 16721.7 42000
25985.6 19859.2 42000
21946.1 17550.5 42000
23356.6 12983.8 42000
24572.4 13725.6 42000
21405.2 13116.7 42000
25917.1 15031.7 42000
24466.8 15605.4 42000
23044.8 18606.5 42000
20033.3 11620.9 42000
21099.6 13203.7 42000
20779.9 13059.6 42000
24744.2 12475.7 42000
21783.4 13603.6 42000
20143.3 14431.2 42000
18564.4 14526.2 42000
20031.8 17533.9 42000
20085.8 14854.5 42000
21106.8 16866.8 42000
18562.2 14559.9 42000
19785.4 12638.1 42000
19492.8 10890 42000
22270.6 12439 42000
22797.9 12029.3 42000
20811.4 13110.4 42000
22337.3 11246.6 42000
22977.6 12606.8 42000
18858.5 12261.4 42000
20253.7 14529 42000
20958.5 15392.7 42000
20616.1 15591.3 42000
22373.3 13486.9 42000
20823 12157.6 42000
20411.5 9673.09 42000
19933.4 13438.4 42000
20318 14357.7 42000
21355.7 13567.1 42000
20720.9 12846.8 42000
18896 12867.1 42000
20570.1 11941.1 42000
21214.9 11833.1 42000
23461.9 10311.5 42000
21672.9 11034.4 42000
23415.2 11261.5 42000
22295.3 11764.6 42000
1970.15 1557 42000
1942.31 1840.85 42000
2174.88 2084.99 42000
1695.78 1504.18 42000
1753.18 1671.54 42000
2113.08 1871.18 42000
2841.48 1601.66 42000
1688.76 1752.56 42000
1518.96 1604.21 42000
1798.84 1930.52 42000
2808.31 3175.47 42000
2437.8 5068.86 42000
1504.16 1053.99 42000
1638.52 1279.62 42000
1518.45 1033.91 42000
1357.26 1222.02 42000
1729.52 1460.86 42000
1172.39 1059.21 42000
1740.47 1355.67 42000
1451.89 1075.14 42000
1773.29 1160.55 42000
1872.18 1350.57 42000
2202.87 1391.42 42000
1933.12 1307.03 42000
20672.2 11408.6 42000
19967.4 13232 42000
20573.7 15164.6 42000
20595.8 14430.9 42000
19298.7 13749.5 42000
20369 13075.4 42000
23594.7 13602.7 42000
21696.8 15530.6 42000
23129.6 13562.9 42000
26444.6 15152.3 42000
26799.2 14425.2 42000
25350.8 12007.4 42000
20155.9 13789.1 42000
20526.3 13688.7 42000
19959.8 13333.6 42000
20854.4 17348.4 42000
21397.2 15234.8 42000
22340.7 15225.6 42000
20480.5 14070 42000
20863.2 15485.5 42000
23845.3 14688.4 42000
23860.3 16302.7 42000
27236.6 14937.6 42000
20670.8 14458.3 42000
19791.3 13708.5 42000
21894.6 13727.4 42000
23669.9 12382.6 42000
24518.6 12809.4 42000
21482.6 11842.7 42000
21521.9 10318.5 42000
22764.7 11694.5 42000
19892.1 13012.9 42000
21596.6 12811.5 42000
22944.8 12289.8 42000
21303.9 13710.7 42000
20310.4 12981.2 42000
20577.3 11970.1 42000
18706.3 11006.1 42000
18894.4 13113.3 42000
19033.2 11275.8 42000
18797.7 10788.9 42000
19138.7 11012.2 42000
18641.1 11339.1 42000
18504.1 13183.4 42000
18869.6 11899.8 42000
19898 11201.8 42000
20545.8 11938.5 42000
2359.32 1702.51 42000
1974.69 1649.49 42000
2100.77 1672.45 42000
1678.3 1753 42000
1745.9 1737.74 42000
2045.16 1384.01 42000
2085.47 1227.42 42000
2213.16 1446.79 42000
2258.55 1455.19 42000
2733.13 1541.3 42000
3879.05 1589.33 42000
3304.93 1765.22 42000
1758.33 1464.68 42000
1990.21 1379.93 42000
2125.69 1454.07 42000
1715.33 1497.67 42000
2094.74 1744.54 42000
1624.85 1499.92 42000
1683.81 1559.57 42000
1902.12 1539.21 42000
2034.63 1548.15 42000
1952.15 1700.64 42000
2115.27 1606.44 42000
1586.31 1429.26 42000
19485.1 14631.9 42000
21587 14903.5 42000
18903.5 15187.3 42000
21682.5 13103.4 42000
18920.8 12471.4 42000
20446 13842.4 42000
21102.8 13239.5 42000
20929.2 14478.5 42000
21684.1 12945.2 42000
23969.8 13288.6 42000
24561.5 12836.1 42000
21621.6 13256.7 42000
19432 13580.1 42000
20568.5 13454.9 42000
20840.3 12968 42000
20759.4 13647.7 42000
19999.9 15935.6 42000
20857 17263.5 42000
21076.1 19544.3 42000
22865.4 19126 42000
22039.3 17169.2 42000
23862.4 15891.2 42000
22008.7 19733.4 42000
20058.9 17629.1 42000
19883.3 14303.4 42000
23415.3 14707.4 42000
20275.3 15024.9 42000
18797.7 14316.3 42000
19351.3 12833.8 42000
23865.4 13359.2 42000
20545.6 12601.6 42000
21536.2 14722.8 42000
20609.4 13045 42000
24407.3 12702 42000
22889.3 15430.2 42000
21049.6 12569.7 42000
21090.5 14491.4 42000
21266.5 10594.8 42000
22815.9 10890.9 42000
1506.91 1241.45 42000
1591.65 1275.51 42000
1475.84 1279.56 42000
1223.57 1158.15 42000
1787.25 1292.29 42000
1674.21 1260.91 42000
1618.69 1148.85 42000
1317.33 1157.27 42000
1519.3 1187.54 42000
1526.29 1094.48 42000
2519.92 1496.94 42000
1848.61 1566.39 42000
1371.23 1187.34 42000
1579.25 1216.47 42000
1549.01 1078.99 42000
1324.84 1230.29 42000
1621.16 1165.76 42000
1605.19 1129.08 42000
1556.95 1150.67 42000
1740.87 1201.68 42000
1379.68 1058.89 42000
1592.31 1190.34 42000
1709.17 1279.6 42000
1525.23 1177.24 42000
21729.1 16314.8 42000
20218.6 15809.4 42000
22531.5 14504.5 42000
22446.5 13346.3 42000
23719 15955.3 42000
23197.4 15083.9 42000
20972.7 15796.3 42000
22044.9 15111.6 42000
20535.1 12434.9 42000
20425.3 12889 42000
21666 12640.8 42000
21180 12770.7 42000
21099.5 17578.7 42000
20943.3 16486.6 42000
21346.8 13655.2 42000
25446.3 16514 42000
23722.5 17256.4 42000
24062.6 15132.4 42000
23044.5 15903 42000
23278.1 15208.2 42000
22332.3 13561.5 42000
23809.3 14716.1 42000
24506.3 13313.1 42000
24496.1 12850.4 42000
24103.4 12459.8 42000
22903.4 12573 42000
22292.5 12493.7 42000
24801.6 11768.7 42000
24199.6 14509.1 42000
20949.2 15730.3 42000
21531.8 14106.1 42000
22819.7 11207.1 42000
22144.9 11747.8 42000
25793.8 12483.8 42000
27437.4 11300.5 42000
24107.4 11613.6 42000
25083 11425 42000
27093.7 11644.5 42000
26299.8 12977.6 42000
27525.6 11718.3 42000
24600.3 9905.21 42000
22808.4 10238.2 42000
23987.2 11593.9 42000
22352.6 11507.3 42000
23097.6 12601.9 42000
22738.2 13752.5 42000
24378.7 14342.5 42000
24876.9 13199.9 42000
24399.1 15006 42000
27770.1 15651.3 42000
27893 16156.6 42000
22902.7 17222.5 42000
23937.9 20987.3 42000
22939.7 16577.2 42000
25786.3 16321.4 42000
24291.7 15526.8 42000
26055.9 17694.4 42000
24500.8 17446.2 42000
24961.3 11464.3 42000
25148.6 13368.2 42000
24930.2 12064.9 42000
23691.1 10723.9 42000
22412.2 10696.2 42000
21104.2 11326.8 42000
20801.7 12229.2 42000
22819.8 12501.2 42000
26763.9 13989.8 42000
27360.3 13874.1 42000
25877.7 17417.9 42000
22324.6 14280.6 42000
