58.0106 15.9688 358.4
120.18 19.899 358.4
158.085 34.9092 358.4
278.511 230.318 358.4
220.633 79.6579 358.4
120.863 79.849 358.4
118.11 63.4291 358.4
92.727 50.996 358.4
140.481 16.4097 358.4
93.8478 40.1046 358.4
70.4329 26.1906 358.4
83.323 50.8649 358.4
129.795 54.4209 358.4
151.651 58.275 358.4
104.414 292.403 358.4
335.643 235.025 358.4
118.686 297.868 358.4
108.132 291.214 358.4
154.9 229.604 358.4
149.8 143.275 358.4
164.915 86.7458 358.4
216.138 127.335 358.4
286.128 165.7 358.4
123.209 48.2681 358.4
152.2 54.8799 358.4
72.9029 36.6705 358.4
83.7728 46.7512 358.4
86.919 50.7551 358.4
139.159 53.9217 358.4
205 105.357 358.4
67.5101 26.1211 358.4
54.1508 23.8043 358.4
153.105 124.165 358.4
129.982 140.774 358.4
80.3034 27.9922 358.4
153.66 93.419 358.4
88.7209 118.992 358.4
214.781 104.817 358.4
230.966 130.955 358.4
94.5477 104.125 358.4
56.6873 332.007 358.4
65.9819 295.245 358.4
44.5986 290.4 358.4
78.3514 287.959 358.4
105.458 274.608 358.4
96.4052 294.484 358.4
56.0184 284.949 358.4
56.5889 289.049 358.4
391.995 56.917 358.4
168.485 16.6099 358.4
92.1407 35.1072 358.4
82.6619 15.5737 358.4
51.3481 15.9133 358.4
56.1966 33.6498 358.4
113.642 42.6464 358.4
154.743 62.855 358.4
103.637 41.4294 358.4
100.723 57.3915 358.4
159.687 31.9674 358.4
73.6319 31.2214 358.4
120.283 53.2542 358.4
192.106 70.1277 358.4
226.239 58.5412 358.4
162.443 118.271 358.4
174.649 76.4082 358.4
94.282 63.5161 358.4
49.1813 8.90552 358.4
74.4788 33.8505 358.4
55.3765 25.56 358.4
73.2746 30.2866 358.4
175.641 84.6204 358.4
89.9668 21.3921 358.4
83.749 29.5659 358.4
66.6586 20.9749 358.4
158.295 28.7711 358.4
154.716 69.0982 358.4
39.8736 13.0877 358.4
47.6386 107.208 358.4
48.6898 13.3045 358.4
110.91 128.479 358.4
209.071 96.7881 358.4
171.645 49.575 358.4
97.29 133.896 358.4
125.204 194.896 358.4
109.209 128.355 358.4
121.113 123.575 358.4
197.826 250.02 358.4
389.184 67.4022 358.4
405.176 51.0695 358.4
207.062 47.7127 358.4
50.7582 21.25 358.4
87.7202 51.2342 358.4
96.7135 93.6979 358.4
281.507 266.668 358.4
293.011 180.621 358.4
99.1967 166.962 358.4
60.2012 78.3887 358.4
23.6766 10.093 358.4
68.6298 15.5071 358.4
46.9482 5.53032 358.4
123.91 86.0502 358.4
101.561 135.773 358.4
32.9332 11.983 358.4
45.8549 50.5366 358.4
28.4858 10.8793 358.4
19.9839 3.77216 358.4
28.751 35.5352 358.4
17.5837 4.18296 358.4
51.4944 14.2588 358.4
86.3596 27.3345 358.4
58.064 53.3504 358.4
71.2494 12.8222 358.4
111.203 39.6085 358.4
37.0121 17.5205 358.4
37.9178 11.8152 358.4
29.3957 13.7612 358.4
27.8411 16.6273 358.4
40.0738 30.6781 358.4
60.8898 18.3482 358.4
85.2577 59.0392 358.4
107.853 51.6409 358.4
191.493 116.011 358.4
225.281 111.153 358.4
61.3094 25.0078 358.4
92.8593 27.5569 358.4
88.699 76.0698 358.4
71.2931 63.3107 358.4
95.4557 76.0817 358.4
164.762 136.708 358.4
336.935 142.172 358.4
301.623 75.4698 358.4
316.157 112.692 358.4
221.207 262.903 358.4
66.0482 61.2006 358.4
216.056 112.315 358.4
166.741 26.7374 358.4
107.432 78.2038 358.4
151.468 52.2374 358.4
164.448 68.5856 358.4
182.14 30.607 358.4
155.878 46.4998 358.4
61.2165 32.4045 358.4
222.8 74.1616 358.4
53.424 33.923 358.4
42.7529 40.054 358.4
121.819 114.314 358.4
62.3005 36.9167 358.4
67.0334 7.5876 358.4
22.2042 13.4951 358.4
100.867 47.2974 358.4
53.3361 6.92208 358.4
69.2138 25.6624 358.4
218.405 128.498 358.4
158.106 48.3488 358.4
142.119 96.3294 358.4
93.2791 44.7066 358.4
69.1795 79.301 358.4
149.003 18.8942 358.4
111.486 59.0091 358.4
48.5137 20.2416 358.4
107.949 103.968 358.4
38.401 25.0982 358.4
55.9999 68.1498 358.4
47.7161 23.0261 358.4
27.9962 14.0838 358.4
126.554 46.2486 358.4
45.2113 11.7889 358.4
49.9498 59.2899 358.4
138.578 105.499 358.4
156.423 44.6138 358.4
50.6988 25.5242 358.4
120.212 25.1411 358.4
52.3274 28.1378 358.4
41.136 13.2841 358.4
77.4597 11.4917 358.4
117.355 46.8209 358.4
132.262 94.2046 358.4
67.905 45.7872 358.4
34.316 10.3771 358.4
70.2501 29.4995 358.4
38.9164 14.209 358.4
97.1408 18.1023 358.4
58.693 18.3015 358.4
57.8663 30.8629 358.4
136.178 61.3554 358.4
74.9639 68.7673 358.4
143.148 70.7984 358.4
140.867 68.2946 358.4
91.0936 55.48 358.4
48.8594 17.7451 358.4
80.7578 83.9358 358.4
46.7247 23.4942 358.4
81.3233 26.0577 358.4
42.9004 40.5202 358.4
105.088 186.134 358.4
251.288 48.8523 358.4
53.5544 21.5049 358.4
53.4244 35.1438 358.4
66.521 14.3386 358.4
73.9338 31.1559 358.4
230.077 77.6746 358.4
29.2913 8.574 358.4
49.0178 47.3673 358.4
43.8448 20.9817 358.4
48.4708 7.47808 358.4
37.8282 46.8443 358.4
37.9683 18.8483 358.4
34.8237 9.57856 358.4
23.2074 7.50272 358.4
93.4618 140.204 358.4
44.3113 36.5642 358.4
19.3266 4.44536 358.4
25.7712 12.6386 358.4
21.5508 41.6694 358.4
15.555 3.28112 358.4
62.7995 15.6933 358.4
481.218 44.269 358.4
169.129 48.855 358.4
116.933 126.992 358.4
180.748 30.7308 358.4
113.461 24.0188 358.4
95.9996 30.4136 358.4
92.3652 89.873 358.4
126.767 18.3746 358.4
52.7998 10.3064 358.4
91.3319 20.2072 358.4
89.135 53.0445 358.4
66.5756 187.866 358.4
245.54 31.542 358.4
241.798 53.5633 358.4
159.599 73.7016 358.4
112.385 35.0957 358.4
94.7773 197.793 358.4
116.508 189.609 358.4
223.059 411.684 358.4
199.271 295.933 358.4
92.2102 14.1786 358.4
94.4219 45.8611 358.4
39.655 110.371 358.4
102.276 152.224 358.4
103.025 210.88 358.4
93.2893 45.7107 358.4
226.692 135.875 358.4
393.477 92.4521 358.4
457.776 106.245 358.4
122.157 76.3734 358.4
97.7741 202.754 358.4
259.258 225.297 358.4
267.438 167.017 358.4
102.759 33.9508 358.4
87.1435 30.928 358.4
125.121 46.723 358.4
113.086 27.0809 358.4
96.3954 28.6843 358.4
93.0039 123.252 358.4
96.4283 42.4062 358.4
96.8254 29.9214 358.4
131.457 26.9327 358.4
141.395 22.6886 358.4
33.9582 10.1362 358.4
90.2585 20.6906 358.4
389.195 40.8458 358.4
62.5822 34.6285 358.4
38.6985 20.3708 358.4
127.813 21.874 358.4
114.943 32.0187 358.4
60.1348 43.1198 358.4
45.9004 20.3605 358.4
103.556 14.4576 358.4
53.058 109.579 358.4
71.8333 25.6086 358.4
65.012 62.0495 358.4
169.51 37.9158 358.4
81.4582 24.7683 358.4
115.283 17.5245 358.4
136.551 37.977 358.4
80.1833 36.8264 358.4
103.992 63.5812 358.4
57.9671 33.9283 358.4
184.133 42.329 358.4
132.296 107.625 358.4
82.8802 26.5696 358.4
89.3867 113.406 358.4
122.803 28.0043 358.4
79.3728 19.7966 358.4
236.639 170.455 358.4
349.467 193.244 358.4
450.591 155.505 358.4
254.163 389.776 358.4
249.939 179.512 358.4
148.176 58.0888 358.4
138.562 45.0255 358.4
161.089 22.4122 358.4
100.389 138.469 358.4
185.454 132.275 358.4
79.8378 118.522 358.4
125.826 97.7355 358.4
279.243 166.692 358.4
82.4842 26.8579 358.4
64.4077 16.7898 358.4
123.836 49.5956 358.4
182.687 202.652 358.4
201.24 197.146 358.4
67.796 21.4524 358.4
79.0242 64.3812 358.4
52.8346 27.3821 358.4
341.534 86.959 358.4
384.052 168.779 358.4
110.227 49.4464 358.4
206.982 25.5682 358.4
129.717 31.8152 358.4
264.158 81.0841 358.4
150.573 132.724 358.4
105.52 145.812 358.4
169.56 121.678 358.4
154.225 162.025 358.4
170.742 26.7745 358.4
228.091 118.864 358.4
487.415 95.8521 358.4
62.1265 86.0538 358.4
64.0338 122.764 358.4
14.2146 1.04056 358.4
24.2219 48.3798 358.4
16.3649 3.19744 358.4
99.0364 93.6443 358.4
14.5394 1.21744 358.4
61.9307 26.4511 358.4
84.6518 39.1604 358.4
166.624 71.0382 358.4
81.8476 30.8463 358.4
113.21 70.7843 358.4
82.1119 24.5574 358.4
117.585 58.0555 358.4
142.801 106.04 358.4
40.4461 35.073 358.4
72.4266 29.4142 358.4
41.4428 18.6515 358.4
70.9683 14.4841 358.4
103.875 30.2079 358.4
40.6485 5.22248 358.4
100.906 31.8674 358.4
144.892 47.1842 358.4
112.864 22.6878 358.4
124.095 50.2783 358.4
69.1678 19.8512 358.4
65.6015 27.9611 358.4
304.02 36.6258 358.4
298.314 60.9645 358.4
151.276 74.8075 358.4
128.552 39.1136 358.4
78.5809 22.9745 358.4
59.2396 19.1094 358.4
153.685 22.6833 358.4
54.2119 27.4213 358.4
126.603 49.3522 358.4
120.143 33.0331 358.4
88.5721 21.8699 358.4
61.1295 9.6672 358.4
105.222 29.5978 358.4
90.3214 19.9742 358.4
76.777 26.4317 358.4
77.8142 16.6164 358.4
135.64 63.0823 358.4
77.7492 42.9441 358.4
56.3146 40.0393 358.4
56.2498 33.801 358.4
63.7669 27.171 358.4
78.386 25.6644 358.4
106.598 35.9862 358.4
51.9384 14.9021 358.4
104.84 65.0454 358.4
91.3096 34.2647 358.4
116.757 26.2037 358.4
91.9114 43.7782 358.4
152.574 45.8037 358.4
44.9318 11.832 358.4
50.0802 18.2701 358.4
29.3867 5.92248 358.4
125.813 63.0776 358.4
86.5216 18.5512 358.4
48.848 17.225 358.4
108.052 29.7051 358.4
207.161 56.8696 358.4
129.07 47.0824 358.4
178.072 33.2754 358.4
110.875 36.0888 358.4
92.9712 34.8015 358.4
129.583 46.5701 358.4
150.541 33.5099 358.4
129.998 37.0647 358.4
87.3844 27.4858 358.4
64.397 88.0541 358.4
72.5046 11.4552 358.4
137.965 87.0343 358.4
93.1613 24.5 358.4
115.077 145.482 358.4
102.469 19.2007 358.4
66.4143 24.224 358.4
85.831 18.6972 358.4
77.9034 128.478 358.4
168.752 132.136 358.4
136.567 68.8689 358.4
110.207 41.2846 358.4
108.001 32.9502 358.4
148.378 156.887 358.4
129.266 43.2371 358.4
99.221 61.3061 358.4
85.3242 18.607 358.4
57.0127 14.5526 358.4
91.9659 26.1834 358.4
111.307 37.5878 358.4
77.1099 16.5784 358.4
101.556 25.8338 358.4
186.532 69.4856 358.4
138.49 90.2037 358.4
194.469 122.57 358.4
170.766 110.676 358.4
86.3957 38.6662 358.4
103.175 40.4015 358.4
115.511 199.28 358.4
69.901 80.2733 358.4
99.7147 167.978 358.4
159.843 208.822 358.4
60.2553 105.684 358.4
79.6147 30.0446 358.4
16.7338 2.87544 358.4
15.8778 3.8256 358.4
38.5026 74.671 358.4
11.2002 0.58896 358.4
14.1634 1.07216 358.4
11.387 0.57936 358.4
12.8718 1.05432 358.4
13.5269 0.80456 358.4
11.7643 0.77232 358.4
13.4906 0.8004 358.4
156.612 37.2953 358.4
132.709 36.4439 358.4
93.0665 20.4235 358.4
98.3942 32.4625 358.4
218.289 23.8712 358.4
133.178 25.9255 358.4
88.569 30.2596 358.4
73.1946 27.4167 358.4
292.527 42.3967 358.4
238.122 35.7407 358.4
124.787 44.3739 358.4
210.868 162.542 358.4
92.5836 54.3498 358.4
179.16 82.1713 358.4
142.587 170.076 358.4
134.353 105.084 358.4
144.571 35.5578 358.4
83.9516 24.2918 358.4
57.5975 34.2327 358.4
58.2201 17.095 358.4
67.0236 26.347 358.4
63.6255 47.8394 358.4
88.1413 24.1958 358.4
106.181 42.0117 358.4
92.1669 17.0451 358.4
298.529 54.5962 358.4
216.426 57.4062 358.4
310.762 138.509 358.4
185.947 51.625 358.4
161.525 57.505 358.4
118.114 23.0931 358.4
75.3652 28.5524 358.4
123.579 56.0075 358.4
256.402 158.785 358.4
79.1172 132.217 358.4
277.758 135.488 358.4
382.148 285.237 358.4
349.556 207.458 358.4
468.917 77.7802 358.4
180.163 146.718 358.4
173.166 28.8442 358.4
152.549 86.3273 358.4
256.519 139.047 358.4
215.299 108.132 358.4
139.043 53.2538 358.4
211.249 140.601 358.4
46.1107 22.7418 358.4
130.738 57.4698 358.4
131.124 40.1138 358.4
82.3166 35.6062 358.4
136.813 25.293 358.4
276.05 158.121 358.4
231.374 62.7397 358.4
280.921 119.501 358.4
105.198 86.8683 358.4
194.16 93.9513 358.4
76.5018 26.5031 358.4
152.782 69.679 358.4
93.7039 26.0897 358.4
108.984 51.8367 358.4
128.284 37.3881 358.4
191.757 17.4757 358.4
417.792 57.9742 358.4
227.215 161.338 358.4
250.85 132.508 358.4
274.56 122.845 358.4
107.883 99.6402 358.4
70.8955 10.2907 358.4
222.416 135.382 358.4
158.69 199.993 358.4
161.796 68.5918 358.4
117.239 55.5565 358.4
126.609 33.3849 358.4
67.5871 20.2246 358.4
282.686 102.708 358.4
338.262 307.797 358.4
191.303 176.042 358.4
176.061 86.1146 358.4
56.7171 18.0028 358.4
147.5 50.3098 358.4
213.092 28.8205 358.4
300.129 178.028 358.4
355.075 171.663 358.4
379.516 367.099 358.4
146.691 110.07 358.4
118.845 68.5714 358.4
101.461 145.937 358.4
94.4974 48.2998 358.4
102.012 51.3707 358.4
124.88 55.9062 358.4
168.047 96.8394 358.4
161.501 35.7006 358.4
177.503 139.627 358.4
127.153 274.258 358.4
160.469 34.85 358.4
144.058 192.867 358.4
261.104 196.078 358.4
213.655 142.352 358.4
73.2918 240.196 358.4
160.994 187.642 358.4
287.247 162.927 358.4
496.755 129.628 358.4
115.175 137.896 358.4
23.0452 3.56952 358.4
140.854 226.075 358.4
47.1107 67.3434 358.4
34.6667 58.4159 358.4
15.0359 5.68552 358.4
22.6525 3.36504 358.4
49.6663 14.1282 358.4
52.7243 27.9958 358.4
90.3528 37.8242 358.4
453.348 51.253 358.4
236.306 83.5698 358.4
90.5407 18.4582 358.4
108.93 39.9803 358.4
373.03 44.134 358.4
262.719 109.82 358.4
229.016 42.9097 358.4
83.559 47.5782 358.4
59.213 46.5746 358.4
118.001 38.0618 358.4
120.493 117.698 358.4
74.8474 33.1644 358.4
72.2218 35.9981 358.4
54.2714 15.8352 358.4
116.336 62.9658 358.4
124.767 58.8433 358.4
73.5737 40.5466 358.4
127.999 138.739 358.4
110.815 60.8412 358.4
308.404 39.8184 358.4
228.904 50.5418 358.4
77.3091 52.8362 358.4
59.9578 32.4704 358.4
71.7971 49.9122 358.4
234.04 43.8554 358.4
106.985 36.4283 358.4
170.506 21.659 358.4
134.982 37.5109 358.4
78.9534 18.999 358.4
68.9354 22.1672 358.4
211.292 12.6958 358.4
89.8957 89.5092 358.4
97.7274 99.9317 358.4
26.6659 7.35208 358.4
26.7274 9.71296 358.4
199.609 32.3537 358.4
116.284 54.1995 358.4
66.4418 26.8103 358.4
72.2043 47.0002 358.4
102.399 78.8363 358.4
38.6595 18.909 358.4
22.7352 10.8206 358.4
88.5692 21.9008 358.4
85.8297 73.5752 358.4
49.2604 21.875 358.4
113.162 23.7901 358.4
99.8092 38.5129 358.4
173.207 30.8234 358.4
96.8842 61.181 358.4
39.4889 8.88704 358.4
94.1349 25.3401 358.4
88.8504 15.0328 358.4
149.921 57.3463 358.4
132.478 76.5472 358.4
98.5638 43.421 358.4
55.4872 21.2702 358.4
90.8986 66.553 358.4
172.808 146.108 358.4
145.82 24.4885 358.4
139.675 158.294 358.4
206.809 84.0582 358.4
61.0306 32.0221 358.4
148.825 111.396 358.4
75.1101 30.1953 358.4
106.531 25.7089 358.4
104.905 47.8756 358.4
45.2315 17.5958 358.4
68.2734 45.2958 358.4
127.646 47.338 358.4
87.2752 42.706 358.4
37.0041 8.8936 358.4
64.597 45.4193 358.4
31.4755 18.1406 358.4
116.797 26.9042 358.4
64.235 55.0217 358.4
48.9196 10.7931 358.4
31.8429 6.84504 358.4
50.0215 29.4532 358.4
48.109 20.4861 358.4
96.2321 23.6722 358.4
156.15 60.6504 358.4
79.9071 34.4409 358.4
138.314 94.9702 358.4
99.0065 94.1756 358.4
121.963 98.6664 358.4
64.9065 37.4978 358.4
147.651 36.5962 358.4
306.608 142.423 358.4
186.706 175.231 358.4
101.194 64.737 358.4
110.276 72.9398 358.4
88.247 84.9435 358.4
190.284 168.854 358.4
58.8891 66.4228 358.4
18.7459 3.29808 358.4
99.5518 27.4766 358.4
76.3802 145.561 358.4
117.921 43.0754 358.4
48.4753 15.7882 358.4
54.6818 15.1894 358.4
83.1549 55.2575 358.4
150.496 194.305 358.4
482.151 48.7378 358.4
40.4079 40.2486 358.4
44.6274 60.2555 358.4
14.4561 9.01376 358.4
26.6731 7.53976 358.4
80.0433 20.2108 358.4
82.0421 34.4759 358.4
64.3452 31.2132 358.4
49.5768 22.7762 358.4
134.334 75.2543 358.4
102.788 42.2939 358.4
109.845 44.3473 358.4
145.017 69.306 358.4
72.5455 40.0065 358.4
50.6744 28.6604 358.4
74.2208 36.6998 358.4
90.7311 58.6175 358.4
248.801 115.393 358.4
402.115 120.856 358.4
213.024 181.814 358.4
258.271 138.336 358.4
132.36 102.776 358.4
126.349 40.3086 358.4
98.7538 25.6772 358.4
118.133 30.2254 358.4
68.612 24.2387 358.4
122.69 38.5097 358.4
41.8905 11.2013 358.4
67.3853 63.0042 358.4
108.24 57.5445 358.4
101.31 37.7315 358.4
137.766 124.324 358.4
103.598 84.0405 358.4
53.7311 10.6546 358.4
112.545 143.352 358.4
264.155 32.6857 358.4
154.944 15.4392 358.4
130.692 33.9661 358.4
175.401 90.0542 358.4
236.078 185.99 358.4
73.1753 19.1696 358.4
196.975 48.9642 358.4
133.989 36.6507 358.4
71.0441 12.0235 358.4
123.883 61.757 358.4
45.0226 16.3018 358.4
38.4758 18.2416 358.4
76.473 52.9713 358.4
44.6154 14.539 358.4
67.494 39.8034 358.4
69.7182 40.0475 358.4
124.927 153.4 358.4
173.792 30.5068 358.4
202.481 46.5809 358.4
100.02 26.345 358.4
80.757 25.159 358.4
73.5089 22.5148 358.4
93.5774 25.7445 358.4
50.8699 17.3451 358.4
145.809 31.1445 358.4
72.3203 57.0513 358.4
205.579 78.8677 358.4
178.689 105.137 358.4
179.083 107.059 358.4
194.738 98.3929 358.4
136.805 141.571 358.4
127.641 28.3475 358.4
68.6798 61.6064 358.4
96.2643 113.087 358.4
105.72 110.012 358.4
102.029 43.9538 358.4
90.2242 51.8071 358.4
105.035 45.6436 358.4
53.6213 21.1693 358.4
153.276 78.6368 358.4
195.415 41.7202 358.4
211.345 13.8923 358.4
55.2611 20.0806 358.4
125.217 42.1957 358.4
89.9607 52.2274 358.4
102.978 64.3845 358.4
95.5361 29.3223 358.4
114.831 46.8313 358.4
146.045 37.0246 358.4
133.817 62.7746 358.4
172.761 24.0407 358.4
137.192 54.962 358.4
121.158 52.6433 358.4
151.722 35.4311 358.4
139.274 33.9982 358.4
129.596 83.9078 358.4
105.105 41.2733 358.4
90.0737 23.8882 358.4
88.0098 177.128 358.4
71.1094 65.2437 358.4
146.938 113.994 358.4
59.0302 27.2265 358.4
58.3018 23.803 358.4
68.1166 21.928 358.4
154.112 206.879 358.4
182.486 135.65 358.4
47.5222 65.7194 358.4
68.26 12.0098 358.4
69.5316 33.3109 358.4
25.0906 6.11936 358.4
54.6422 15.0006 358.4
38.7735 38.9625 358.4
228.03 174.477 358.4
222.906 83.581 358.4
12.7886 1.24864 358.4
15.5782 1.27592 358.4
10.5351 0.5444 358.4
13.5605 0.844 358.4
12.9362 0.72752 358.4
365.503 47.8626 358.4
121.151 43.2051 358.4
151.706 33.6266 358.4
128.12 64.0349 358.4
86.6482 63.2374 358.4
308.817 47.5114 358.4
100.816 19.1452 358.4
150.904 88.7042 358.4
266.126 76.2517 358.4
165.817 168.783 358.4
311.082 86.5024 358.4
198.959 89.8505 358.4
143.032 71.8352 358.4
231.757 91.2375 358.4
140.727 46.1884 358.4
242.859 87.0742 358.4
74.3 42.0759 358.4
80.1313 45.2175 358.4
66.985 29.0904 358.4
99.6314 65.3191 358.4
98.6952 64.9047 358.4
74.6066 43.7717 358.4
116.919 60.838 358.4
104.016 55.5749 358.4
111.017 49.233 358.4
98.0027 35.7523 358.4
85.0113 34.5952 358.4
75.2949 44.9667 358.4
60.0133 24.5946 358.4
89.0988 45.6312 358.4
87.0754 31.9685 358.4
125.755 80.2869 358.4
143.535 86.1602 358.4
156.118 79.0991 358.4
119.42 104.717 358.4
146.906 56.376 358.4
155.918 54.2102 358.4
139.226 54.8332 358.4
146.624 56.005 358.4
180.628 67.7904 358.4
140.742 61.7229 358.4
215.907 214.694 358.4
226.926 42.9611 358.4
226.479 83.498 358.4
108 50.9476 358.4
107.264 48.8968 358.4
107.919 59.8315 358.4
193.333 118.961 358.4
130.134 66.8914 358.4
96.7102 59.6971 358.4
363.216 81.6465 358.4
422.439 50.1698 358.4
287.598 113.151 358.4
147.222 61.6667 358.4
81.5413 36.1048 358.4
86.2936 42.1281 358.4
135.816 51.8246 358.4
114.656 40.1919 358.4
108.585 30.6022 358.4
139.772 47.5385 358.4
108.755 31.8306 358.4
123.2 49.2415 358.4
66.7836 67.5573 358.4
98.5353 34.652 358.4
162.195 121.219 358.4
105.978 57.4337 358.4
157.947 77.8353 358.4
222.781 86.5542 358.4
185.779 86.2664 358.4
174.898 98.6268 358.4
282.069 155.736 358.4
189.48 55.5884 358.4
214.72 64.0254 358.4
146.096 76.4768 358.4
139.396 67.7934 358.4
121.239 67.8462 358.4
73.3574 64.1966 358.4
111.044 51.7866 358.4
102.901 45.4013 358.4
109.992 51.3558 358.4
163.041 141.221 358.4
84.0211 38.3392 358.4
178.655 76.5757 358.4
148.872 38.8788 358.4
89.7447 45.7131 358.4
205.318 102.577 358.4
124.05 62.9423 358.4
149.965 235.022 358.4
195.21 48.7333 358.4
89.2881 62.5901 358.4
90.8171 34.7515 358.4
95.8179 37.1951 358.4
107.692 48.7375 358.4
257.46 54.5487 358.4
221.52 277.377 358.4
284.04 358.649 358.4
491.793 139.49 358.4
247.938 210.857 358.4
40.2903 23.6946 358.4
28.7254 16.6597 358.4
48.2467 35.5159 358.4
28.6788 14.7118 358.4
56.5023 15.472 358.4
39.0926 25.6516 358.4
83.3145 134.143 358.4
47.7403 66.3287 358.4
188.578 46.8307 358.4
26.6353 49.0383 358.4
12.7962 0.8324 358.4
98.4886 120.703 358.4
136.421 318.087 358.4
233.452 252.548 358.4
328.638 338.806 358.4
313.273 67.9329 358.4
185.566 73.923 358.4
78.315 100.552 358.4
133.881 113.168 358.4
175.085 43.9578 358.4
127.435 59.0316 358.4
95.7187 56.7947 358.4
245.339 269.768 358.4
156.28 112.909 358.4
136.186 20.1032 358.4
99.232 13.8415 358.4
108.596 130.388 358.4
61.8344 12.1889 358.4
77.865 30.5612 358.4
109.984 45.7738 358.4
249.345 193.837 358.4
208.88 89.9465 358.4
76.6974 28.2825 358.4
74.7498 12.9562 358.4
76.7783 53.5898 358.4
55.6927 12.9898 358.4
65.3952 18.9086 358.4
56.0023 29.487 358.4
303.474 96.6647 358.4
473.949 41.5168 358.4
166.67 37.2623 358.4
101.146 48.1755 358.4
54.4103 22.0795 358.4
67.0573 17.3071 358.4
92.263 50.2366 358.4
289.76 45.2558 358.4
101.81 36.7089 358.4
53.3553 10.4161 358.4
70.9782 26.6622 358.4
56.3994 7.89296 358.4
195.437 24.7626 358.4
160.433 43.1615 358.4
58.6483 37.4225 358.4
82.1832 11.977 358.4
103.305 94.2115 358.4
121.976 200.748 358.4
39.2001 52.9322 358.4
78.8132 164.976 358.4
141.334 76.537 358.4
42.9822 19.1624 358.4
114.764 157.454 358.4
285.222 182 358.4
132.41 111.05 358.4
27.4262 24.7552 358.4
42.7043 20.6251 358.4
206.094 48.0634 358.4
69.2712 16.4995 358.4
105.929 193.222 358.4
97.6723 64.469 358.4
123.642 39.0519 358.4
125.85 79.0562 358.4
190.446 125.124 358.4
211.535 101.308 358.4
243.507 112.984 358.4
207.231 128.648 358.4
201.93 117.283 358.4
186.218 143.635 358.4
244.714 121.445 358.4
179.172 142.658 358.4
168.778 128.605 358.4
209.109 141.367 358.4
203.205 104.299 358.4
250.557 143.599 358.4
342.863 97.3077 358.4
415.911 96.3 358.4
438.996 120.855 358.4
129.21 53.7918 358.4
118.845 164.884 358.4
145.271 99.5386 358.4
83.2728 57.2494 358.4
136.929 44.1636 358.4
119.828 41.414 358.4
137.418 49.9902 358.4
90.5822 65.2978 358.4
88.0834 20.3165 358.4
148.913 32.1089 358.4
102.765 30.6132 358.4
112.424 38.8396 358.4
114.16 77.0133 358.4
113.037 64.6159 358.4
87.843 9.96688 358.4
55.9774 18.8335 358.4
130.351 59.6442 358.4
75.8585 18.6547 358.4
74.2806 22.8978 358.4
124.787 109.42 358.4
159.249 150.318 358.4
59.9469 58.7899 358.4
41.3094 55.3734 358.4
98.5438 62.7729 358.4
78.2326 84.9167 358.4
347.678 312.048 358.4
36.0014 7.61672 358.4
90.9218 154.432 358.4
228.071 34.119 358.4
505.402 21.2894 358.4
141.732 52.6542 358.4
13.1106 1.40456 358.4
28.5879 8.53432 358.4
16.2191 1.744 358.4
193.683 35.378 358.4
111.816 19.0602 358.4
255.505 123.626 358.4
86.8454 32.7741 358.4
143.166 121.711 358.4
60.3632 35.9234 358.4
145.708 56.8648 358.4
162.764 66.2166 358.4
99.2487 57.0853 358.4
97.8498 48.5754 358.4
162.796 230.038 358.4
301.183 50.8049 358.4
289.217 90.485 358.4
133.919 57.99 358.4
155.644 49.891 358.4
367.681 106.95 358.4
317.401 83.4188 358.4
109.597 30.9819 358.4
120.858 54.4238 358.4
318.359 58.2664 358.4
152.883 190.435 358.4
393.624 166.848 358.4
419.675 258.318 358.4
294.661 59.1522 358.4
144.757 94.9387 358.4
240.737 204.362 358.4
163.388 304.307 358.4
407.12 255.675 358.4
326.665 252.373 358.4
214.733 244.763 358.4
233.002 374.11 358.4
236.288 184.033 358.4
211.203 46.9013 358.4
181.865 37.8022 358.4
234.992 54.2958 358.4
321.993 71.0806 358.4
205.475 47.0582 358.4
193.46 33.1243 358.4
194.289 40.035 358.4
133.037 35.6076 358.4
96.0575 32.73 358.4
82.517 19.4004 358.4
138.752 49.6113 358.4
103.033 24.7359 358.4
118.514 12.6818 358.4
54.3505 19.6839 358.4
65.8558 21.9644 358.4
211.29 95.5034 358.4
229.02 159.941 358.4
150.21 63.8731 358.4
189.848 41.4186 358.4
90.7409 25.509 358.4
85.7062 21.0513 358.4
171.495 71.8969 358.4
206.524 107.33 358.4
177.265 49.4242 358.4
121.157 54.0606 358.4
118.634 80.4135 358.4
68.0769 37.7746 358.4
70.0006 26.15 358.4
206.499 76.5945 358.4
195.845 116.79 358.4
304.004 33.6341 358.4
201.927 95.2871 358.4
297.53 60.7732 358.4
299.764 24.9714 358.4
111.121 34.8945 358.4
245.919 82.4745 358.4
319.79 25.2108 358.4
310.082 165.243 358.4
272.322 30.6264 358.4
332.008 85.3108 358.4
290.968 93.7914 358.4
323.91 55.9786 358.4
355.707 99.9599 358.4
374.975 67.993 358.4
305.943 79.4108 358.4
117.366 51.4314 358.4
102.595 68.5047 358.4
99.9335 57.911 358.4
79.3317 18.1602 358.4
155.423 272.475 358.4
117.1 334.715 358.4
94.5576 281.621 358.4
360.053 242.454 358.4
145.108 291.104 358.4
117.889 294.77 358.4
146.126 280.299 358.4
131.752 274.052 358.4
239.799 305.401 358.4
128.136 276.791 358.4
221.296 333.261 358.4
171.436 282.623 358.4
108.543 86.2886 358.4
49.7701 22.1227 358.4
48.1161 45.3779 358.4
53.9354 12.0701 358.4
97.1611 106.311 358.4
66.9106 21.8274 358.4
100.414 44.3259 358.4
485.495 254.823 358.4
130.07 81.8685 358.4
22.499 5.0372 358.4
102.77 119.213 358.4
17.6282 79.3685 358.4
12.7353 0.86888 358.4
11.4082 0.77808 358.4
12.5386 0.9232 358.4
133.287 52.6291 358.4
176.198 43.6253 358.4
209.425 32.295 358.4
138.862 148.945 358.4
300.376 33.7986 358.4
171.306 52.6018 358.4
102.589 154.996 358.4
156.011 268.736 358.4
107.038 108.633 358.4
108.498 155.932 358.4
146.176 284.858 358.4
388.334 131.29 358.4
143.227 100.783 358.4
77.8762 17.0398 358.4
117.879 39.9257 358.4
47.5182 35.2117 358.4
68.9079 11.1305 358.4
119.683 20.3899 358.4
151.471 77.5413 358.4
101.221 29.9516 358.4
128.742 29.4408 358.4
267.624 112.985 358.4
232.319 75.7851 358.4
177.834 169.238 358.4
327.57 149.516 358.4
367.915 84.1486 358.4
294.917 61.4488 358.4
311.64 190.356 358.4
232.163 70.1246 358.4
78.0668 26.5725 358.4
201.806 94.5013 358.4
290.226 132.269 358.4
86.8462 22.6258 358.4
93.2237 29.4494 358.4
185.19 35.1406 358.4
134.313 35.6348 358.4
46.6493 13.9319 358.4
174.56 40.3435 358.4
483.264 130.283 358.4
477.849 63.3408 358.4
267.914 19.1655 358.4
436.198 27.2636 358.4
128.462 32.8365 358.4
158.681 40.1368 358.4
126.736 40.2614 358.4
102.631 21.4521 358.4
136.481 131.345 358.4
227.577 187.441 358.4
205.03 30.4529 358.4
139.856 20.401 358.4
117.092 50.1409 358.4
67.2383 23.778 358.4
109.578 39.9346 358.4
131.11 46.0338 358.4
211.007 44.5333 358.4
101.586 19.8298 358.4
268.631 36.3214 358.4
154.326 32.8244 358.4
172.88 58.9858 358.4
163.995 75.8988 358.4
116.55 26.1057 358.4
59.1944 16.8037 358.4
62.2273 19.5937 358.4
59.0691 31.4166 358.4
66.0738 15.419 358.4
103.999 45.6578 358.4
375.172 69.8575 358.4
142.282 60.8158 358.4
107.323 31.7808 358.4
316.638 67.8614 358.4
60.2138 34.6732 358.4
68.3266 38.6497 358.4
68.8991 34.7647 358.4
88.2194 45.0449 358.4
133.047 84.5188 358.4
158 35.3698 358.4
130.108 104.627 358.4
134.452 90.4587 358.4
224.133 136.443 358.4
157.938 222.063 358.4
158.78 59.9877 358.4
283.522 40.343 358.4
213.546 137.308 358.4
134.13 153.441 358.4
427.937 36.6192 358.4
125.177 69.2657 358.4
73.9531 23.3859 358.4
143.478 101.231 358.4
130.577 270.745 358.4
248.296 111.958 358.4
167.496 121.005 358.4
106.359 80.101 358.4
382.47 54.884 358.4
196.161 120.696 358.4
210.309 130.812 358.4
94.0571 184.633 358.4
59.3463 13.159 358.4
115.987 142.506 358.4
60.8404 12.2777 358.4
60.7628 94.3153 358.4
85.4733 93.4707 358.4
384.141 38.8579 358.4
219.458 101.682 358.4
58.608 56.9246 358.4
51.2533 94.4478 358.4
10.7898 0.64768 358.4
39.7474 4.3264 358.4
35.8482 9.45352 358.4
16.5172 2.34248 358.4
123.336 52.2822 358.4
105.677 29.3944 358.4
100.204 64.4213 358.4
90.4927 20.3502 358.4
134.475 21.9451 358.4
51.6478 16.3663 358.4
155.15 34.032 358.4
56.195 18.0215 358.4
87.9682 24.6178 358.4
79.8494 32.3138 358.4
135.624 60.1216 358.4
85.7045 33.3282 358.4
80.2322 24.2762 358.4
59.636 30.6181 358.4
93.8141 24.6238 358.4
127.019 86.002 358.4
95.6491 35.2018 358.4
190.954 69.3848 358.4
111.691 12.9118 358.4
99.1049 51.02 358.4
108.031 29.325 358.4
122.04 73.469 358.4
71.7591 91.7715 358.4
165.444 35.8342 358.4
69.9506 43.652 358.4
67.689 26.0019 358.4
94.4431 33.0181 358.4
23.9126 10.5862 358.4
36.0147 9.1268 358.4
108.066 33.1194 358.4
96.194 31.1921 358.4
114.691 72.5787 358.4
77.641 42.4398 358.4
122.261 47.0134 358.4
148.214 109.138 358.4
155.544 43.4802 358.4
384.75 63.2437 358.4
130.443 142.133 358.4
81.8167 20.0633 358.4
37.637 17.6022 358.4
76.7993 28.9345 358.4
39.0672 12.7605 358.4
50.8529 11.037 358.4
48.9409 8.97848 358.4
71.8252 41.8962 358.4
71.4927 16.8624 358.4
86.4846 33.5495 358.4
82.5527 21.3792 358.4
67.8756 32.703 358.4
62.6858 13.6574 358.4
51.6838 25.6224 358.4
54.273 52.2198 358.4
103.651 130.748 358.4
63.304 54.898 358.4
46.5974 34.0717 358.4
86.1118 20.631 358.4
100.404 86.88 358.4
235.407 273.051 358.4
54.9971 52.8981 358.4
77.5298 40.0059 358.4
60.6714 19.2055 358.4
49.8778 18.407 358.4
117.916 35.1452 358.4
95.3945 38.206 358.4
87.484 31.8983 358.4
38.7746 22.3239 358.4
116.22 28.5214 358.4
42.9704 25.0739 358.4
101.458 52.5599 358.4
148.841 78.0693 358.4
29.3629 13.1414 358.4
19.3102 10.3992 358.4
67.4721 40.3017 358.4
62.594 28.1464 358.4
100.737 33.9178 358.4
88.9994 54.0226 358.4
64.5032 26.6239 358.4
71.7961 24.9307 358.4
107.991 61.5318 358.4
82.875 58.7118 358.4
124.192 19.7761 358.4
91.7645 83.1246 358.4
109.421 72.0326 358.4
220.743 114.514 358.4
163.987 40.1767 358.4
117.683 76.4048 358.4
143.169 32.511 358.4
93.4821 33.3913 358.4
103.788 61.4857 358.4
123.271 56.2096 358.4
74.3576 22.897 358.4
81.2919 26.6625 358.4
106.986 33.714 358.4
267.833 31.4402 358.4
114.922 86.8819 358.4
175.298 88.1174 358.4
131.7 123.297 358.4
62.5662 62.6559 358.4
375.352 43.1442 358.4
379.384 203.991 358.4
112.024 155.367 358.4
27.6113 30.8032 358.4
44.091 118.667 358.4
59.851 44.1566 358.4
51.1946 64.0318 358.4
48.7409 104.628 358.4
14.9346 1.89816 358.4
26.6514 4.67816 358.4
23.5218 31.5616 358.4
114.768 25.9735 358.4
81.2753 12.1572 358.4
416.692 41.7472 358.4
241.657 35.7034 358.4
132.762 116.795 358.4
254.678 115.278 358.4
84.828 30.1778 358.4
121.332 114.089 358.4
102.58 52.6789 358.4
63.2182 33.774 358.4
143.036 68.5206 358.4
92.2845 82.6112 358.4
147.241 41.7778 358.4
110.815 67.8406 358.4
131.058 43.1986 358.4
96.6684 37.7998 358.4
120.814 16.2726 358.4
185.779 47.2222 358.4
175.916 74.1229 358.4
247.18 99.8651 358.4
287.386 48.4662 358.4
449.691 41.187 358.4
489.974 37.8101 358.4
474.307 83.1064 358.4
489.619 65.8918 358.4
484.192 136.097 358.4
469.889 62.7277 358.4
349.567 44.1863 358.4
145.648 53.4247 358.4
187.822 51.3474 358.4
128.579 30.3113 358.4
116.287 51.429 358.4
386.884 65.9147 358.4
238.265 37.5237 358.4
142.24 48.8638 358.4
135.321 76.9478 358.4
136.033 98.6022 358.4
162.845 104.433 358.4
379.649 97.429 358.4
131.874 59.8453 358.4
211.924 21.4614 358.4
130.268 45.8877 358.4
210.774 54.1582 358.4
159.387 109.875 358.4
77.151 28.7921 358.4
66.2373 16.8605 358.4
136.2 14.4736 358.4
296.28 41.4008 358.4
67.7436 16.3343 358.4
52.4508 20.3289 358.4
128.87 41.1581 358.4
77.6734 19.7805 358.4
74.2757 17.7001 358.4
135.437 27.2646 358.4
95.2217 18.6298 358.4
92.5684 22.5622 358.4
83.7831 37.1148 358.4
66.4516 33.1796 358.4
124.356 30.58 358.4
59.741 16.6519 358.4
75.9234 16.9285 358.4
192.162 15.4922 358.4
211.974 40.5888 358.4
185.143 26.6948 358.4
161.354 28.2838 358.4
277.763 37.5793 358.4
324.342 51.7529 358.4
166.118 80.2975 358.4
185.522 53.1043 358.4
189.082 111.23 358.4
85.9892 61.2685 358.4
142.107 26.3806 358.4
80.5949 30.6921 358.4
121.909 132.272 358.4
140.617 22.827 358.4
181.506 42.2531 358.4
203.587 62.5961 358.4
238.012 79.8599 358.4
159.919 61.3741 358.4
141.068 70.4436 358.4
147.861 55.7702 358.4
189.536 76.3138 358.4
174.769 112.971 358.4
377.286 91.2569 358.4
213.223 151.782 358.4
147.348 65.2855 358.4
214.083 167.411 358.4
115.342 81.8779 358.4
86.594 24.8104 358.4
91.4128 37.0083 358.4
187.189 113.484 358.4
245.292 90.7888 358.4
87.6905 20.7261 358.4
53.4369 19.6867 358.4
149.443 97.0124 358.4
115.573 134.402 358.4
162.34 103.285 358.4
121.097 111.85 358.4
122.732 319.153 358.4
218.703 340.409 358.4
367.799 251.267 358.4
423.791 161.686 358.4
304.661 127.309 358.4
33.5994 6.20312 358.4
39.2618 7.87592 358.4
38.3621 63.7923 358.4
17.9945 8.16864 358.4
18.0546 2.13888 358.4
19.9616 4.58184 358.4
179.554 99.6794 358.4
145.304 66.1214 358.4
209.211 78.0262 358.4
322.698 251.824 358.4
307.749 178.903 358.4
284.372 107.156 358.4
131.175 38.6634 358.4
58.9788 13.2962 358.4
74.8982 44.2314 358.4
273.211 54.3838 358.4
98.1554 33.8551 358.4
340.031 96.678 358.4
96.8994 21.8846 358.4
35.7429 20.2237 358.4
47.0623 16.5627 358.4
65.4346 28.4508 358.4
44.5037 11.3625 358.4
47.2694 12.5576 358.4
80.0703 13.151 358.4
73.2666 24.6682 358.4
61.0524 28.3022 358.4
88.4062 22.0523 358.4
100.746 34.8739 358.4
63.436 27.008 358.4
60.645 18.5383 358.4
49.35 22.848 358.4
49.8758 22.6285 358.4
89.3852 25.9956 358.4
150.839 39.6722 358.4
92.0724 99.2634 358.4
126.009 49.3992 358.4
65.1214 32.83 358.4
79.9 15.1584 358.4
57.6143 26.8678 358.4
111.923 50.2594 358.4
75.4569 42.8041 358.4
45.0975 75.9474 358.4
51.0579 13.3016 358.4
72.3785 24.8058 358.4
111.507 66.0579 358.4
96.3466 18.2907 358.4
105.479 108.117 358.4
71.2302 28.5503 358.4
130.606 99.5706 358.4
73.4198 50.0942 358.4
71.9011 30.9437 358.4
25.137 18.9427 358.4
27.8702 9.32016 358.4
23.5758 6.0968 358.4
32.2417 9.93424 358.4
42.6724 12.1237 358.4
51.2869 36.7973 358.4
13.5613 2.30328 358.4
23.474 6.38832 358.4
69.0845 22.6529 358.4
100.354 27.9142 358.4
28.3286 5.30632 358.4
30.1638 10.6033 358.4
35.6014 10.8981 358.4
77.7095 27.7504 358.4
65.4446 28.1902 358.4
23.8491 6.7032 358.4
57.4433 18.4506 358.4
57.8457 81.8978 358.4
80.877 36.3294 358.4
39.1154 11.0594 358.4
86.8222 23.557 358.4
135.156 40.8886 358.4
62.6575 34.0551 358.4
65.8077 35.4471 358.4
111.136 60.1225 358.4
114.81 39.5724 358.4
104.901 32.7986 358.4
230.57 44.8385 358.4
150.715 52.1468 358.4
139.431 33.4378 358.4
159.489 72.2646 358.4
165.528 48.6951 358.4
109.562 30.0801 358.4
208.382 50.9553 358.4
226.621 82.2694 358.4
220.123 107.743 358.4
220.21 116.86 358.4
106.892 34.6202 358.4
122.525 25.8018 358.4
236.795 58.5653 358.4
174.078 40.1734 358.4
189.493 37.067 358.4
123.84 26.685 358.4
196.607 73.565 358.4
144.855 75.1594 358.4
161.63 34.907 358.4
141.443 101.706 358.4
284.12 62.0085 358.4
174.663 72.884 358.4
228.362 327.643 358.4
68.9966 9.87984 358.4
136.066 126.575 358.4
44.3896 76.9741 358.4
64.5614 9.04648 358.4
54.3913 9.64208 358.4
217.694 62.6024 358.4
457.797 20.1469 358.4
295.669 45.1366 358.4
304.156 177.375 358.4
30.9381 312.947 358.4
46.8049 351.971 358.4
69.2361 326.866 358.4
85.7058 411.27 358.4
307.642 114.275 358.4
99.9475 29.6703 358.4
245 63.2888 358.4
88.179 32.2006 358.4
80.5489 32.9586 358.4
49.1 45.5275 358.4
78.3671 60.372 358.4
90.8807 102.165 358.4
104.785 91.9154 358.4
166.851 47.6326 358.4
71.6042 153.638 358.4
86.681 13.8068 358.4
51.6733 27.152 358.4
63.4795 21.2502 358.4
76.3234 39.482 358.4
182.591 21.5722 358.4
93.3121 87.581 358.4
300.432 37.4851 358.4
235.45 27.5606 358.4
45.6356 20.3177 358.4
48.8413 23.4838 358.4
79.7045 133.137 358.4
135.922 133.362 358.4
136.007 42.4776 358.4
142.179 97.9582 358.4
48.6582 19.6886 358.4
54.9206 54.5275 358.4
104.824 43.9364 358.4
177.47 172.524 358.4
104.861 306.706 358.4
176.952 232.146 358.4
189.6 32.8288 358.4
89.1073 56.2531 358.4
83.7714 24.8801 358.4
108.444 68.487 358.4
124.044 56.5633 358.4
251.56 50.0154 358.4
152.664 47.2872 358.4
165.26 96.3332 358.4
238.923 228.206 358.4
105.292 49.7821 358.4
118.655 76.5757 358.4
91.0106 22.9381 358.4
83.6146 62.0826 358.4
100.208 8.10848 358.4
136.699 60.5302 358.4
51.3339 10.0237 358.4
40.2463 19.2472 358.4
79.1869 113.257 358.4
31.1701 7.8 358.4
139.642 28.2353 358.4
55.1921 41.5078 358.4
80.6637 50.3711 358.4
32.7892 22.1706 358.4
90.3998 59.8096 358.4
218.112 253.997 358.4
231.358 216.276 358.4
246.036 38.7345 358.4
207.613 10.3089 358.4
66.9602 10.5378 358.4
237.759 11.1791 358.4
117.429 36.1714 358.4
106.754 43.5823 358.4
194.112 42.187 358.4
77.8381 44.5494 358.4
106.829 23.5898 358.4
86.1868 10.8882 358.4
49.3738 32.7353 358.4
228.477 158.73 358.4
44.1604 73.4263 358.4
123.76 87.1118 358.4
139.674 132.778 358.4
108.586 109.489 358.4
314.919 45.0813 358.4
217.962 208.353 358.4
162.217 87.9266 358.4
158.065 78.0278 358.4
126.793 60.8851 358.4
150.72 11.1659 358.4
347.309 25.5731 358.4
338.037 68.383 358.4
105.278 16.4425 358.4
286.409 204.657 358.4
196.376 187.432 358.4
122.874 195.123 358.4
59.9879 225.852 358.4
128.696 68.8117 358.4
451.519 105.403 358.4
56.7127 69.2704 358.4
46.0418 9.67096 358.4
47.5048 22.0881 358.4
123.617 151.23 358.4
251.092 70.4972 358.4
109.054 116.881 358.4
195.978 169.565 358.4
123.997 174.472 358.4
23.7683 6.98816 358.4
37.8275 75.348 358.4
39.9154 4.5284 358.4
11.9205 1.69376 358.4
13.9265 1.272 358.4
43.2563 91.46 358.4
205.03 70.8912 358.4
204.051 52.8786 358.4
443.262 236.883 358.4
21.419 10.8826 358.4
42.7678 66.3797 358.4
12.1534 1.18568 358.4
13.0393 0.84776 358.4
185.001 113.654 358.4
80.1271 117.703 358.4
114.905 164.497 358.4
82.7598 39.51 358.4
100.813 109.931 358.4
134.383 27.6974 358.4
184.279 63.0716 358.4
84.9555 29.0334 358.4
43.707 22.563 358.4
74.1725 17.3787 358.4
216.918 55.9634 358.4
68.6873 55.37 358.4
81.0659 59.1266 358.4
42.842 6.76688 358.4
411.68 16.6807 358.4
141.992 43.3986 358.4
65.113 29.4095 358.4
64.7877 14.8659 358.4
106.752 62.431 358.4
42.7593 13.1318 358.4
35.9739 28.6037 358.4
161.906 66.8097 358.4
149.297 162.272 358.4
168.083 162.282 358.4
143.605 77.9577 358.4
73.4348 58.4505 358.4
172.466 48.9837 358.4
273.406 202.499 358.4
270.584 197.976 358.4
152.132 149.295 358.4
190.491 186.35 358.4
110.1 62.153 358.4
70.5632 20.6878 358.4
118.108 56.1865 358.4
48.967 44.7406 358.4
57.8906 57.0866 358.4
35.9205 13.639 358.4
78.6942 66.5337 358.4
64.8982 62.3876 358.4
105.652 36.8185 358.4
35.6419 12.4181 358.4
67.6331 28.8953 358.4
109.98 87.1538 358.4
141.304 29.6368 358.4
82.0935 126.37 358.4
254.595 153.793 358.4
122.66 35.3172 358.4
86.757 49.4141 358.4
47.0082 21.6578 358.4
302.89 19.4434 358.4
318.76 42.6098 358.4
166.019 44.9718 358.4
172.046 18.7105 358.4
241.206 33.53 358.4
199.596 33.4727 358.4
59.0008 20.4849 358.4
79.5992 27.8723 358.4
74.8855 15.3698 358.4
60.2182 111.154 358.4
263.437 55.7147 358.4
78.3122 17.9566 358.4
383.666 62.9164 358.4
111.718 18.8819 358.4
50.1623 24.1885 358.4
148.112 126.113 358.4
206.539 30.4844 358.4
107.472 140.182 358.4
107.898 207.396 358.4
196.767 172.205 358.4
408.766 70.5652 358.4
169.398 225.229 358.4
150.845 143.558 358.4
93.5644 105.718 358.4
63.688 33.0676 358.4
142.261 140.778 358.4
172.185 125.181 358.4
147.399 143.181 358.4
167.136 141.612 358.4
146.242 161.081 358.4
158.9 106.239 358.4
209.226 190.964 358.4
202.185 146.831 358.4
223.97 219.535 358.4
423.185 99.2186 358.4
141.27 244.914 358.4
144.931 164.712 358.4
159.511 170.151 358.4
29.0137 33.9968 358.4
28.0772 11.3178 358.4
38.3914 14.224 358.4
65.4734 29.9099 358.4
18.5411 6.99704 358.4
22.8428 7.61992 358.4
85.6948 76.0439 358.4
51.4571 92.7753 358.4
88.6183 103.019 358.4
118.7 44.4785 358.4
50.571 111.308 358.4
97.9858 12.5093 358.4
105.171 51.0087 358.4
52.7437 104.057 358.4
125.007 90.3898 358.4
486.06 86.6698 358.4
68.126 177.687 358.4
17.1443 3.1848 358.4
14.9398 1.72776 358.4
11.3798 1.09784 358.4
39.0996 61.4413 358.4
13.6979 1.274 358.4
143.569 38.9374 358.4
121.023 61.1776 358.4
71.8438 28.3513 358.4
73.9661 62.073 358.4
39.7174 17.0967 358.4
76.3002 48.2142 358.4
26.9903 10.8726 358.4
114.632 21.4578 358.4
407.149 174.778 358.4
234.83 61.5333 358.4
217.164 35.6809 358.4
300.662 48.5577 358.4
144.43 97.6725 358.4
128.143 86.395 358.4
86.0548 45.7882 358.4
126.982 20.1671 358.4
75.399 116.451 358.4
78.5681 46.1221 358.4
100.862 68.5499 358.4
110.026 58.1029 358.4
305.509 50.3862 358.4
252.519 83.0018 358.4
73.7844 62.3846 358.4
136.72 107.818 358.4
107.832 67.2274 358.4
205.291 103.038 358.4
96.8602 78.4238 358.4
143.352 77.7589 358.4
119.128 104.025 358.4
122.702 49.7149 358.4
109.595 52.3172 358.4
117.057 30.9353 358.4
69.2347 27.4291 358.4
130.638 79.3118 358.4
52.8354 19.1194 358.4
33.58 7.73368 358.4
87.8153 9.67168 358.4
159.228 119.755 358.4
175.027 53.0053 358.4
80.6284 50.0542 358.4
86.0614 32.0918 358.4
190.964 61.7357 358.4
65.8841 8.72512 358.4
45.9458 12.9754 358.4
126.892 103.678 358.4
86.6354 38.4689 358.4
209.926 68.6062 358.4
303.901 62.3203 358.4
106.518 31.0915 358.4
57.94 17.2454 358.4
79.2392 138.597 358.4
247.026 42.839 358.4
109.224 19.4359 358.4
181.267 90.9169 358.4
152.999 77.7382 358.4
298.451 96.858 358.4
427.679 183.633 358.4
483.945 85.5074 358.4
280.967 38.3246 358.4
316.551 99.8118 358.4
242.17 36.5432 358.4
255.758 23.2244 358.4
280.178 26.7131 358.4
233.443 23.5034 358.4
224.434 33.0682 358.4
204.096 20.9779 358.4
212.264 27.3132 358.4
232.846 28.2026 358.4
217.733 10.5247 358.4
233.23 14.9025 358.4
288.411 82.5928 358.4
355.404 134.085 358.4
350.459 98.4278 358.4
134.107 14.0994 358.4
183.609 19.7412 358.4
262.142 31.4359 358.4
253.811 47.3133 358.4
284.018 77.6585 358.4
258.553 75.1245 358.4
237.899 47.979 358.4
220.12 88.7236 358.4
260.822 90.2966 358.4
276.223 84.6699 358.4
221.097 85.3266 358.4
206.373 29.4027 358.4
206.413 23.3418 358.4
303.997 26.147 358.4
458.528 126.118 358.4
247.341 83.8466 358.4
226.769 22.0935 358.4
266.828 30.6792 358.4
245.186 26.4622 358.4
374.473 111.95 358.4
318.527 68.5429 358.4
492.812 40.1706 358.4
164.864 237.429 358.4
42.1726 13.7942 358.4
28.9786 32.7318 358.4
279.365 158.358 358.4
194.813 39.8302 358.4
221.149 15.787 358.4
236.453 141.398 358.4
210.432 69.1836 358.4
237.165 159.923 358.4
216.833 28.3631 358.4
194.016 16.9117 358.4
204.004 19.4035 358.4
185.069 14.085 358.4
60.8826 44.1467 358.4
61.6281 61.1086 358.4
180.971 139.887 358.4
25.7575 6.10088 358.4
354.59 28.6534 358.4
389.193 129.504 358.4
380.676 45.1045 358.4
371.585 52.4126 358.4
367.398 40.5158 358.4
380.734 127.748 358.4
446.578 106.128 358.4
467.682 81.0319 358.4
476.89 73.049 358.4
371.89 19.9082 358.4
452.356 16.7846 358.4
416.029 28.2891 358.4
409.407 31.616 358.4
467.479 46.4703 358.4
438.637 44.1695 358.4
455.317 46.8564 358.4
470 78.8778 358.4
310.986 21.7329 358.4
460.877 52.9757 358.4
373.179 60.4224 358.4
438.384 111.103 358.4
337.816 94.9311 358.4
51.0568 10.2102 358.4
265.848 54.9765 358.4
282.542 73.2102 358.4
111.897 47.9224 358.4
74.6884 101.46 358.4
119.613 130.658 358.4
40.5466 20.3318 358.4
184.151 33.7323 358.4
104.787 10.6039 358.4
73.4654 22.8938 358.4
31.4398 14.3394 358.4
144.061 105.494 358.4
99.299 60.9136 358.4
65.0154 20.9244 358.4
80.0478 47.2633 358.4
123.755 90.9018 358.4
35.4546 5.09504 358.4
65.586 44.8006 358.4
46.8328 9.09264 358.4
76.8364 15.3582 358.4
65.4362 13.9254 358.4
150.029 66.842 358.4
409.58 88.0146 358.4
350.228 99.4837 358.4
404.043 26.3601 358.4
388.464 59.1816 358.4
379.871 13.8505 358.4
101.246 7.03488 358.4
290.279 20.059 358.4
369.724 67.3217 358.4
354.843 81.9914 358.4
413.276 19.3786 358.4
288.782 26.0806 358.4
297.748 26.7943 358.4
320.205 45.6412 358.4
88.2458 58.4388 358.4
116.197 117.921 358.4
164.357 64.2912 358.4
191.427 116.602 358.4
130.864 20.6951 358.4
217.22 164.968 358.4
399.164 80.1335 358.4
391.398 96.0497 358.4
439.582 91.841 358.4
225.391 27.0327 358.4
208.442 162.864 358.4
322.911 295.412 358.4
420.484 146.427 358.4
423.525 31.207 358.4
427.397 46.9313 358.4
358.435 69.0796 358.4
326.197 130.014 358.4
433.478 23.3925 358.4
203.623 47.5377 358.4
285.212 51.1426 358.4
65.003 22.2792 358.4
219.124 124.192 358.4
44.7646 29.1535 358.4
67.7549 12.2703 358.4
106.582 91.7015 358.4
182.768 53.2875 358.4
145.495 61.918 358.4
55.6762 7.45168 358.4
78.0096 47.0876 358.4
84.4491 45.0967 358.4
265.461 90.2546 358.4
68.587 72.4664 358.4
107.237 408.213 358.4
129.819 90.103 358.4
173.239 41.7906 358.4
504.014 41.5106 358.4
78.6918 66.0492 358.4
42.1881 124.985 358.4
192.558 291.582 358.4
130.285 175.957 358.4
70.2222 78.1306 358.4
14.8295 2.72408 358.4
12.4369 1.66432 358.4
15.5122 2.25488 358.4
15.0001 1.84024 358.4
274.687 113.868 358.4
162.072 106.308 358.4
35.3598 6.79488 358.4
263.859 15.8142 358.4
342.528 14.7342 358.4
161.889 17.3851 358.4
167.025 24.233 358.4
131.489 37.8218 358.4
160.776 32.2719 358.4
177.014 18.231 358.4
395.762 20.3764 358.4
185.239 40.6089 358.4
163.237 154.562 358.4
148.387 37.3682 358.4
251.418 52.6048 358.4
97.2798 26.9799 358.4
54.8065 17.6143 358.4
153.76 16.9697 358.4
176.953 20.8439 358.4
35.3829 105.219 358.4
53.8084 19.6498 358.4
91.2675 32.7714 358.4
52.1393 16.6471 358.4
85.3846 23.9057 358.4
53.1604 22.1938 358.4
51.9834 16.7409 358.4
81.5702 22.2053 358.4
30.2206 12.869 358.4
85.6454 75.1876 358.4
48.0522 26.469 358.4
233.151 31.2753 358.4
119.281 39.2648 358.4
106.653 22.6194 358.4
100.121 58.3895 358.4
82.5002 67.5139 358.4
207.641 56.2321 358.4
76.3769 42.4444 358.4
103.343 22.3374 358.4
368.929 89.3577 358.4
197.831 91.3758 358.4
126.921 145.475 358.4
26.959 10.1968 358.4
328.045 16.3025 358.4
263.98 13.0002 358.4
62.2234 21.5465 358.4
53.7941 14.0139 358.4
48.7636 25.5638 358.4
139.11 66.6283 358.4
190.426 48.0383 358.4
116.877 20.7815 358.4
185.395 77.9094 358.4
97.4529 32.8606 358.4
60.5755 25.6724 358.4
162.281 33.8372 358.4
135.985 25.3294 358.4
49.0074 12.1302 358.4
46.0473 17.3934 358.4
72.1587 17.2082 358.4
82.267 136.947 358.4
82.9153 284.437 358.4
148.437 272.328 358.4
92.5722 288.06 358.4
97.2501 272.242 358.4
115.672 232.621 358.4
105.566 25.6582 358.4
103.581 21.2334 358.4
121.921 45.8098 358.4
99.0964 19.0282 358.4
117.672 31.2973 358.4
118.992 20.9563 358.4
87.9254 24.3236 358.4
112.852 18.8155 358.4
103.087 100.2 358.4
69.6058 18.0989 358.4
92.6402 30.7163 358.4
121.627 33.5505 358.4
471.784 80.6694 358.4
337.943 41.2393 358.4
193.541 96.2247 358.4
243.193 41.4263 358.4
103.026 26.6498 358.4
166.266 66.6428 358.4
102.218 35.5139 358.4
77.5629 23.6221 358.4
184.762 88.2725 358.4
146.169 25.4968 358.4
185.813 198.372 358.4
111.356 112.589 358.4
201.927 199.99 358.4
137.043 103.275 358.4
51.1838 113.775 358.4
74.3042 64.7689 358.4
39.6086 5.9616 358.4
19.575 2.738 358.4
12.3218 0.80536 358.4
12.5666 1.09952 358.4
14.8511 1.29792 358.4
10.5686 0.83488 358.4
10.3155 0.49792 358.4
14.2473 1.24048 358.4
13.0117 1.19864 358.4
14.8196 2.14136 358.4
76.3471 53.3871 358.4
173.101 30.6254 358.4
106.096 20.7324 358.4
190.104 28.35 358.4
494.84 113.01 358.4
488.89 137.357 358.4
214.373 225.875 358.4
114.452 218.259 358.4
92.1658 40.8086 358.4
311.239 101.519 358.4
141.45 172.516 358.4
182.43 38.207 358.4
316.249 48.4346 358.4
183.081 97.1308 358.4
95.284 31.3246 358.4
118.64 49.5006 358.4
182.539 82.7185 358.4
172.889 168.537 358.4
102.181 39.3464 358.4
280.536 171.102 358.4
302.331 178.756 358.4
135.974 158.246 358.4
191.617 25.5889 358.4
188.875 68.3367 358.4
79.4444 100.912 358.4
71.659 19.8972 358.4
286.633 276.118 358.4
177.517 267.736 358.4
444.213 169.542 358.4
455.394 97.4017 358.4
138.204 49.441 358.4
83.35 69.6934 358.4
130.851 31.6313 358.4
125.499 68.0814 358.4
35.3443 12.8178 358.4
56.895 12.0824 358.4
37.8528 11.414 358.4
81.6018 123.216 358.4
149.4 182.548 358.4
91.7122 54.479 358.4
71.481 22.4134 358.4
100.188 22.3651 358.4
95.7236 91.1836 358.4
62.4482 86.2562 358.4
202.565 191.185 358.4
212.09 92.6623 358.4
118.31 34.6946 358.4
71.035 64.9987 358.4
25.9639 11.2832 358.4
63.4134 69.3296 358.4
187.673 16.5225 358.4
43.551 14.3714 358.4
226.841 19.3908 358.4
44.2556 17.7119 358.4
58.187 17.8081 358.4
184.889 85.4129 358.4
137.929 74.6181 358.4
103.386 29.9028 358.4
113.79 43.1565 358.4
116.621 34.9252 358.4
254.797 153.715 358.4
122.767 427.314 358.4
187.965 289.292 358.4
109.281 148.893 358.4
101.123 15.3142 358.4
70.133 60.011 358.4
78.5982 17.8198 358.4
170.083 26.8859 358.4
158.766 125.897 358.4
86.6822 95.797 358.4
103.909 182.443 358.4
168.15 137.536 358.4
81.7354 25.3922 358.4
235.934 88.86 358.4
103.102 56.8062 358.4
138.883 16.0086 358.4
175.365 39.236 358.4
91.831 214.718 358.4
105.731 71.9212 358.4
79.772 43.2855 358.4
131.892 34.6445 358.4
202.552 34.8067 358.4
136.864 52.1331 358.4
171.376 160.405 358.4
99.0813 72.16 358.4
190.632 142.608 358.4
373.65 193.794 358.4
108.535 89.9213 358.4
93.3882 53.835 358.4
78.5158 61.2639 358.4
74.2322 43.0299 358.4
56.517 89.1757 358.4
117.051 63.6398 358.4
84.4782 147.543 358.4
149.372 10.599 358.4
205.555 218.426 358.4
490.463 209.06 358.4
129.589 130.795 358.4
72.5619 145.075 358.4
20.7024 6.17656 358.4
51.7913 49.1217 358.4
194.503 38.6082 358.4
18.4526 3.13536 358.4
11.7746 0.93768 358.4
13.613 1.40272 358.4
12.1867 1.35784 358.4
21.3366 1.87832 358.4
10.0966 0.8452 358.4
