1.005080e+00 2.965729e+00
1.004803e+00 2.967238e+00
1.004670e+00 2.967993e+00
1.004498e+00 2.968999e+00
1.004372e+00 2.955493e+00
1.004095e+00 2.957254e+00
1.003870e+00 2.944503e+00
1.003727e+00 2.931249e+00
1.003557e+00 2.932507e+00
1.003330e+00 2.920007e+00
1.003119e+00 2.936028e+00
1.002896e+00 2.995081e+00
1.002688e+00 3.039874e+00
1.002495e+00 3.056147e+00
1.002273e+00 3.101443e+00
1.002090e+00 3.160748e+00
1.001852e+00 3.249579e+00
1.001674e+00 3.394949e+00
1.001471e+00 3.583854e+00
1.001248e+00 3.959148e+00
1.001051e+00 4.505816e+00
1.000847e+00 5.310427e+00
1.000647e+00 6.344711e+00
1.000435e+00 7.553640e+00
1.000220e+00 8.698812e+00
9.997788e-01 9.667606e+00
9.995540e-01 9.493023e+00
9.993290e-01 9.125657e+00
9.991223e-01 8.818920e+00
9.988940e-01 8.527399e+00
9.988940e-01 8.527399e+00
9.986815e-01 8.308701e+00
9.984860e-01 8.090933e+00
9.982452e-01 7.872931e+00
9.980760e-01 7.713467e+00
9.978500e-01 7.582108e+00
9.976202e-01 7.436697e+00
9.974385e-01 7.306268e+00
9.972165e-01 7.189892e+00
9.970044e-01 7.045179e+00
9.968336e-01 6.972357e+00
9.965267e-01 6.855748e+00
9.963635e-01 6.768873e+00
9.961943e-01 6.639142e+00
9.959754e-01 6.609177e+00
9.957453e-01 6.550640e+00
9.955033e-01 6.463532e+00
9.953351e-01 6.391175e+00
9.951151e-01 6.318586e+00
9.948350e-01 6.274335e+00
9.947421e-01 6.188158e+00
9.944924e-01 6.144139e+00
9.943397e-01 6.072014e+00
9.941819e-01 6.014175e+00
9.940187e-01 5.970622e+00
9.937357e-01 5.912318e+00
9.934392e-01 5.854013e+00
9.932552e-01 5.810460e+00
9.929371e-01 5.737870e+00
9.927402e-01 5.680031e+00
9.925355e-01 5.650763e+00
9.921834e-01 5.578174e+00
9.919642e-01 5.534620e+00
9.914247e-01 5.475850e+00
9.911026e-01 5.417779e+00
9.906858e-01 5.316619e+00
9.902420e-01 5.286885e+00
9.900665e-01 5.200708e+00
9.895932e-01 5.170975e+00
9.892998e-01 5.141706e+00
9.890014e-01 5.083868e+00
9.881597e-01 4.967724e+00
9.877169e-01 4.895367e+00
9.868882e-01 4.865169e+00
9.863978e-01 4.792812e+00
9.864061e-01 4.735670e+00
9.857562e-01 4.720222e+00
9.852190e-01 4.676436e+00
9.846731e-01 4.561223e+00
9.840926e-01 4.531722e+00
9.830298e-01 4.444382e+00
9.818987e-01 4.342757e+00
9.812160e-01 4.298971e+00
9.801478e-01 4.211864e+00
9.790189e-01 4.124756e+00
9.784339e-01 4.066917e+00
9.776273e-01 3.994560e+00
9.763551e-01 3.907453e+00
9.752399e-01 3.834863e+00
9.735775e-01 3.776094e+00
9.725934e-01 3.689452e+00
9.707578e-01 3.616397e+00
9.699425e-01 3.558558e+00
9.682284e-01 3.485736e+00
9.667197e-01 3.441717e+00
9.634950e-01 3.325109e+00
9.617674e-01 3.266805e+00
9.584286e-01 3.207570e+00
9.564479e-01 3.177837e+00
9.547983e-01 3.148336e+00
9.522061e-01 3.104084e+00
9.499288e-01 3.074351e+00
9.480244e-01 3.059135e+00
9.450269e-01 3.043454e+00
9.429361e-01 3.028238e+00
9.407657e-01 3.013022e+00
9.373592e-01 2.983056e+00
9.349767e-01 2.967841e+00
9.312267e-01 2.952160e+00
9.286001e-01 2.951230e+00
9.251867e-01 2.935781e+00
9.223294e-01 2.934851e+00
9.186038e-01 2.933688e+00
9.122676e-01 2.931827e+00
