-1.00 -1.00 0.3 rgb 65000 0 0

-0.95 -0.95 0.3 rgb 60000 0 0

-0.90 -0.90 0.3 rgb 55000 0 0

-0.85 -0.85 0.3 rgb 50000 0 0

-0.80 -0.80 0.3 rgb 45000 0 0

-0.75 -0.75 0.3 rgb 40000 0 0

-0.70 -0.70 0.3 rgb 35000 0 0

-0.65 -0.65 0.3 rgb 30000 0 0

-0.60 -0.60 0.3 rgb 25000 0 0

-0.55 -0.55 0.3 rgb 20000 0 0

-0.50 -0.50 0.3 rgb 15000 0 0

-0.45 -0.45 0.3 rgb 20000 0 0

-0.40 -0.40 0.3 rgb 25000 0 0

-0.35 -0.35 0.3 rgb 30000 0 0

-0.30 -0.30 0.3 rgb 35000 0 0

-0.25 -0.25 0.3 rgb 40000 0 0

-0.20 -0.20 0.3 rgb 45000 0 0

-0.15 -0.15 0.3 rgb 50000 0 0

-0.10 -0.10 0.3 rgb 55000 0 0

-0.05 -0.05 0.3 rgb 60000 0 0

 0.00  0.00 0.3 rgb 65000 0 0

 0.05  0.05 0.3 rgb 60000 0 5000

 0.10  0.10 0.3 rgb 55000 0 10000

 0.15  0.15 0.3 rgb 50000 0 15000

 0.20  0.20 0.3 rgb 45000 0 20000

 0.25  0.25 0.3 rgb 40000 0 25000

 0.30  0.30 0.3 rgb 35000 0 30000

 0.35  0.35 0.3 rgb 30000 0 35000

 0.40  0.40 0.3 rgb 25000 0 40000

 0.45  0.45 0.3 rgb 20000 0 45000

 0.50  0.50 0.3 rgb 15000 0 50000

 0.55  0.55 0.3 rgb 20000 0 55000

 0.60  0.60 0.3 rgb 25000 0 60000

 0.65  0.65 0.3 rgb 30000 0 65000

 0.70  0.70 0.3 rgb 35000 0 60000

 0.75  0.75 0.3 rgb 40000 0 55000

 0.80  0.80 0.3 rgb 45000 0 50000

 0.85  0.85 0.3 rgb 50000 0 45000

 0.90  0.90 0.3 rgb 55000 0 40000

 0.95  0.95 0.3 rgb 60000 0 35000

 1.00  1.00 0.3 rgb 65000 0 30000


