-0.403623 -0.261573 -0.068392 -0.396259 -0.225153 -0.146174 -0.31967 -0.23559 -0.194788 -0.264935 -0.304348 -0.180626 -0.275338 -0.353056 -0.104266 -0.337436 -0.320717 -0.040646   rgb 23231 41487 50405
-0.306645 0.180331 0.263098 -0.237558 0.194283 0.31802 -0.182842 0.263198 0.304081 -0.196892 0.317979 0.235152 -0.265757 0.303867 0.180228 -0.320793 0.235134 0.194236   rgb 20070 39962 55467
0.008115 -0.500000 0.258865 -0.042818 -0.500000 0.256166 -0.099711 -0.434022 0.235164 -0.105532 -0.356798 0.271414 -0.041261 -0.324972 0.333054 0.040535 -0.338629 0.319578 0.068537 -0.404925 0.260800 0.034392 -0.494879 0.258862   rgb 31357 16045 11137
-0.042818 0.500000 0.256166 0.008115 0.500000 0.258865 -0.035490 0.491502 0.258871   rgb 31357 16045 11137
-0.195243 0.236452 -0.318432 -0.182823 0.304894 -0.262369 -0.238423 0.317325 -0.194213 -0.306802 0.261345 -0.181978 -0.319318 0.193045 -0.237685 -0.263359 0.180583 -0.305983   rgb 20040 39954 55504
0.240690 0.500000 -0.000984 0.172961 0.500000 0.168847 0.166109 0.456938 0.176167 0.228120 0.393354 0.144319 0.264461 0.399787 0.066381 0.240821 0.464153 -0.008406   rgb 39344 19068 4001
0.172961 -0.500000 0.168847 0.240690 -0.500000 -0.000984 0.240568 -0.466596 0.005933 0.238007 -0.433146 0.096300 0.179110 -0.461362 0.162279   rgb 39344 19068 4001
-0.195243 0.236452 -0.318432 -0.145755 0.226562 -0.394925 -0.177465 0.164482 -0.459732 -0.236495 0.098162 -0.432997 -0.272901 0.104374 -0.35574 -0.263359 0.180583 -0.305983   rgb 18427 36852 60609
0.09524 0.238794 -0.432012 0.005027 0.240757 -0.46584 -0.069471 0.263403 -0.401089 -0.043091 0.323538 -0.33425 0.038512 0.337357 -0.321308 0.102345 0.275259 -0.354319   rgb 10727 41273 61348
0.430037 -0.098195 0.238155 0.457683 -0.163701 0.178725 0.394131 -0.226143 0.146302 0.318006 -0.237175 0.194646 0.303866 -0.182403 0.263768 0.352345 -0.105865 0.274854   rgb 25024 36841 53998
-0.500000 -0.259339 -0.005102 -0.500000 -0.256907 0.041505 -0.433301 -0.236017 0.099040 -0.355860 -0.272409 0.105232 -0.323837 -0.334248 0.041074 -0.337436 -0.320717 -0.040646 -0.403623 -0.261573 -0.068392 -0.494038 -0.259285 -0.034701   rgb 46486 11172 857
0.500000 -0.256907 0.041505 0.500000 -0.259339 -0.005102 0.492002 -0.259412 0.034606   rgb 46486 11172 857
0.258532 0.000561 0.500000 0.256553 0.040067 0.500000 0.235662 0.098977 0.432712 0.272178 0.104672 0.356191 0.333802 0.039902 0.324383 0.320228 -0.042206 0.337398 0.261042 -0.070188 0.402786 0.258421 -0.036060 0.492705   rgb 41670 798 16003
0.256553 0.040067 -0.500000 0.258532 0.000561 -0.500000 0.258634 0.034200 -0.493299   rgb 41670 798 16003
0.038610 -0.500000 -0.257375 0.000254 -0.500000 -0.259111 -0.036677 -0.492615 -0.258827 -0.070342 -0.402241 -0.261557 -0.042579 -0.336487 -0.321160 0.039296 -0.323439 -0.334955 0.103884 -0.355390 -0.273283 0.097806 -0.432124 -0.236712   rgb 31267 15954 11203
0.000254 0.500000 -0.259111 0.038610 0.500000 -0.257375 0.032914 0.493469 -0.259363   rgb 31267 15954 11203
0.09524 0.238794 -0.432012 0.161794 0.179769 -0.459809 0.223981 0.147051 -0.396475 0.234127 0.195456 -0.320523 0.179044 0.26464 -0.306164 0.102345 0.275259 -0.354319   rgb 16723 38532 60624
-0.041261 -0.324972 0.333054 -0.067765 -0.264747 0.399413 -0.144617 -0.228119 0.393474 -0.194318 -0.238123 0.317457 -0.181737 -0.306577 0.261756 -0.105532 -0.356798 0.271414   rgb 14908 41637 58563
-0.259490 -0.005029 0.500000 -0.257430 -0.040648 0.500000 -0.236162 -0.099794 0.431340 -0.272920 -0.106090 0.354400 -0.335254 -0.041723 0.322628 -0.322220 0.040124 0.335911 -0.262883 0.067728 0.401617 -0.259706 0.033713 0.492208   rgb 41712 881 15915
-0.257430 -0.040648 -0.500000 -0.259490 -0.005029 -0.500000 -0.259321 -0.035388 -0.493894   rgb 41712 881 15915
-0.264935 -0.304348 -0.180626 -0.196147 -0.318377 -0.235501 -0.181867 -0.263489 -0.3048 -0.236287 -0.194785 -0.318985 -0.305302 -0.180915 -0.263848 -0.31967 -0.23559 -0.194788   rgb 20026 39981 55492
-0.500000 -0.257455 -0.039864 -0.500000 -0.259339 -0.005102 -0.494038 -0.259285 -0.034701   rgb 46419 11212 862
0.500000 -0.259339 -0.005102 0.500000 -0.257455 -0.039864 0.431295 -0.236362 -0.099363 0.354410 -0.273047 -0.105825 0.322661 -0.335232 -0.041685 0.336048 -0.322074 0.040269 0.401587 -0.262575 0.068297 0.492002 -0.259412 0.034606   rgb 46419 11212 862
-0.241332 0.464307 0.006658 -0.239055 0.430165 0.096521 -0.276049 0.352356 0.1039 -0.338336 0.319927 0.040084 -0.324741 0.333186 -0.041664 -0.264731 0.399757 -0.067711   rgb 21305 45780 46307
0.240821 0.464153 -0.008406 0.237474 0.430793 -0.098993 0.273862 0.352898 -0.10684 0.336277 0.320822 -0.04318 0.32353 0.334351 0.039454 0.264461 0.399787 0.066381   rgb 21273 45805 46426
-0.241200 0.500000 -0.000305 -0.173311 0.500000 -0.169042 -0.166643 0.458775 -0.175736 -0.228323 0.393794 -0.144290 -0.264731 0.399757 -0.067711 -0.241332 0.464307 0.006658   rgb 39328 19131 4013
-0.173311 -0.500000 -0.169042 -0.241200 -0.500000 -0.000305 -0.241073 -0.465750 -0.006986 -0.238652 -0.431235 -0.096835 -0.179963 -0.458879 -0.162365   rgb 39328 19131 4013
-0.169603 -0.172544 0.500000 -0.257430 -0.040648 0.500000 -0.236162 -0.099794 0.431340 -0.176379 -0.165930 0.457886   rgb 18720 34174 64707
-0.257430 -0.040648 -0.500000 -0.169603 -0.172544 -0.500000 -0.163167 -0.178827 -0.459996 -0.225404 -0.146396 -0.395776 -0.261775 -0.069094 -0.403128 -0.259321 -0.035388 -0.493894   rgb 18720 34174 64707
0.143236 -0.228047 -0.395561 0.193125 -0.237802 -0.319031 0.261639 -0.182184 -0.306274 0.271528 -0.106135 -0.356194 0.235011 -0.100387 -0.433268 0.175233 -0.166681 -0.45988   rgb 18361 36921 60613
0.240690 0.500000 -0.000984 0.171215 0.500000 -0.170819 0.177853 0.458967 -0.164253 0.237474 0.430793 -0.098993 0.240821 0.464153 -0.008406   rgb 39280 19176 4084
0.171215 -0.500000 -0.170819 0.240690 -0.500000 -0.000984 0.240568 -0.466596 0.005933 0.263168 -0.401593 -0.068532 0.226561 -0.394951 -0.145526 0.164578 -0.458969 -0.177384   rgb 39280 19176 4084
0.430037 -0.098195 0.238155 0.463932 -0.007688 0.240924 0.399813 0.06675 0.264609 0.333802 0.039902 0.324383 0.320228 -0.042206 0.337398 0.352345 -0.105865 0.274854   rgb 25790 30883 56789
0.500000 0.256119 -0.043502 0.500000 0.168952 -0.173154 0.457249 0.162116 -0.180360 0.393659 0.224572 -0.148609 0.401392 0.261606 -0.070740 0.491588 0.258823 -0.036260   rgb 29087 38699 49733
-0.500000 0.168952 -0.173154 -0.500000 0.256119 -0.043502 -0.434039 0.234917 -0.100291 -0.460646 0.175244 -0.166521   rgb 29087 38699 49733
0.35175 0.104164 -0.276327 0.429553 0.096317 -0.239389 0.463737 0.006199 -0.241397 0.399509 -0.068074 -0.264558 0.333216 -0.041758 -0.324557 0.31964 0.040361 -0.338334   rgb 25763 30804 56816
-0.306645 0.180331 0.263098 -0.355115 0.104022 0.273705 -0.432959 0.096759 0.237678 -0.461052 0.162869 0.178473 -0.397356 0.224936 0.145637 -0.320793 0.235134 0.194236   rgb 25159 36786 53950
-0.35586 -0.272409 0.105232 -0.305991 -0.262792 0.181245 -0.23749 -0.318859 0.193738 -0.227681 -0.39533 0.143954 -0.264159 -0.401102 0.067303 -0.323837 -0.334248 0.041074   rgb 21599 43111 50400
0.240568 -0.466596 0.005933 0.238007 -0.433146 0.0963 0.273995 -0.354985 0.103788 0.336048 -0.322074 0.040269 0.322661 -0.335232 -0.041685 0.263168 -0.401593 -0.068532   rgb 21243 45884 46294
-0.181867 -0.263489 -0.3048 -0.105817 -0.274085 -0.353573 -0.098 -0.237813 -0.431978 -0.163167 -0.178827 -0.459996 -0.225404 -0.146396 -0.395776 -0.236287 -0.194785 -0.318985   rgb 16821 38466 60593
0.237474 0.430793 -0.098993 0.273862 0.352898 -0.10684 0.262674 0.304506 -0.183041 0.193378 0.319081 -0.23737 0.144945 0.395648 -0.226429 0.177853 0.458967 -0.164253   rgb 18443 45065 52368
-0.173311 -0.500000 -0.169042 -0.043013 -0.500000 -0.256506 -0.036677 -0.492615 -0.258827 -0.070342 -0.402241 -0.261557 -0.147861 -0.394728 -0.224670 -0.179963 -0.458879 -0.162365   rgb 14231 49143 54192
-0.043013 0.500000 -0.256506 -0.173311 0.500000 -0.169042 -0.166643 0.458775 -0.175736 -0.100876 0.432552 -0.235311   rgb 14231 49143 54192
-0.306645 0.180331 0.263098 -0.237558 0.194283 0.31802 -0.226691 0.145578 0.394333 -0.262883 0.067728 0.401617 -0.32222 0.040124 0.335911 -0.355115 0.104022 0.273705   rgb 21567 34891 58653
-0.335254 -0.041723 0.322628 -0.401904 -0.068201 0.263256 -0.39549 -0.144955 0.226836 -0.318759 -0.194618 0.236736 -0.262838 -0.182231 0.304929 -0.27292 -0.10609 0.3544   rgb 23131 34930 57059
-0.182823 0.304894 -0.262369 -0.106956 0.355139 -0.272022 -0.100876 0.432552 -0.235311 -0.166643 0.458775 -0.175736 -0.228323 0.393794 -0.14429 -0.238423 0.317325 -0.194213   rgb 16936 45065 53881
-0.401724 0.066471 -0.264126 -0.33475 0.040036 -0.323622 -0.321181 -0.041542 -0.336858 -0.353825 -0.104974 -0.274368 -0.432041 -0.097604 -0.237889 -0.46637 -0.007737 -0.240882   rgb 25848 30868 56755
-0.35586 -0.272409 0.105232 -0.433301 -0.236017 0.09904 -0.460164 -0.176738 0.165153 -0.39549 -0.144955 0.226836 -0.318759 -0.194618 0.236736 -0.305991 -0.262792 0.181245   rgb 25117 38405 52369
-0.172808 0.500000 0.169262 -0.241200 0.500000 -0.000305 -0.241332 0.464307 0.006658 -0.239055 0.430165 0.096521 -0.179927 0.457791 0.162398   rgb 39325 19195 4004
-0.241200 -0.500000 -0.000305 -0.172808 -0.500000 0.169262 -0.166107 -0.460272 0.175722 -0.227681 -0.395330 0.143954 -0.264159 -0.401102 0.067303 -0.241073 -0.465750 -0.006986   rgb 39325 19195 4004
-0.001102 -0.241166 -0.500000 0.168765 -0.173360 -0.500000 0.175233 -0.166681 -0.459880 0.143236 -0.228047 -0.395561 0.066057 -0.264144 -0.401661 -0.008000 -0.240919 -0.466272   rgb 34478 8839 19208
0.168765 -0.173360 0.500000 -0.001102 -0.241166 0.500000 0.006297 -0.241432 0.463818 0.096375 -0.239309 0.429824 0.161980 -0.180366 0.457911   rgb 34478 8839 19208
-0.264935 -0.304348 -0.180626 -0.275338 -0.353056 -0.104266 -0.238652 -0.431235 -0.096835 -0.179963 -0.458879 -0.162365 -0.147861 -0.394728 -0.22467 -0.196147 -0.318377 -0.235501   rgb 18535 45053 52277
-0.320793 0.235134 0.194236 -0.265757 0.303867 0.180228 -0.276049 0.352356 0.1039 -0.338336 0.319927 0.040084 -0.404606 0.26124 0.067813 -0.397356 0.224936 0.145637   rgb 23264 41467 50390
0.238007 -0.433146 0.0963 0.17911 -0.461362 0.162279 0.146292 -0.397567 0.224317 0.194603 -0.320883 0.23471 0.263409 -0.306517 0.18016 0.273995 -0.354985 0.103788   rgb 18472 45162 52259
0.103884 -0.35539 -0.273283 0.180535 -0.30585 -0.263459 0.236439 -0.318567 -0.19503 0.226561 -0.394951 -0.145526 0.164578 -0.458969 -0.177384 0.097806 -0.432124 -0.236712   rgb 16850 45086 53944
0.234127 0.195456 -0.320523 0.303143 0.180787 -0.265939 0.35175 0.104164 -0.276327 0.31964 0.040361 -0.338334 0.260888 0.068579 -0.403898 0.223981 0.147051 -0.396475   rgb 21440 34923 58768
0.305761 0.262326 0.181818 0.355147 0.272719 0.104702 0.431189 0.236373 0.098411 0.45751 0.176403 0.16558 0.39379 0.144195 0.228061 0.318082 0.193772 0.238007   rgb 25067 38410 52403
0.172961 -0.500000 0.168847 0.038853 -0.500000 0.257306 0.034392 -0.494879 0.258862 0.068537 -0.404925 0.260800 0.146292 -0.397567 0.224317 0.179110 -0.461362 0.162279   rgb 14175 49269 54212
0.038853 0.500000 0.257306 0.172961 0.500000 0.168847 0.166109 0.456938 0.176167 0.099146 0.430779 0.236267   rgb 14175 49269 54212
0.500000 -0.001031 -0.241130 0.500000 0.168952 -0.173154 0.457249 0.162116 -0.180360 0.429553 0.096317 -0.239389 0.463737 0.006199 -0.241397   rgb 49722 3981 8835
-0.500000 0.168952 -0.173154 -0.500000 -0.001031 -0.241130 -0.466370 -0.007737 -0.240882 -0.401724 0.066471 -0.264126 -0.395833 0.143270 -0.227946 -0.460646 0.175244 -0.166521   rgb 49722 3981 8835
0.066243 0.264277 0.40062 0.039834 0.323275 0.334637 0.105081 0.354666 0.273034 0.181727 0.304996 0.263123 0.194084 0.237122 0.31879 0.143847 0.227795 0.394685   rgb 14887 41596 58624
-0.001713 0.240731 -0.500000 0.168673 0.173008 -0.500000 0.161794 0.179769 -0.459809 0.095240 0.238794 -0.432012 0.005027 0.240757 -0.465840   rgb 34478 8849 19131
0.168673 0.173008 0.500000 -0.001713 0.240731 0.500000 -0.008674 0.240705 0.464723 0.066243 0.264277 0.400620 0.143847 0.227795 0.394685 0.175728 0.166074 0.458780   rgb 34478 8849 19131
0.305761 0.262326 0.181818 0.237802 0.317524 0.194507 0.181727 0.304996 0.263123 0.194084 0.237122 0.31879 0.262481 0.181096 0.306364 0.318082 0.193772 0.238007   rgb 20006 39969 55524
0.234127 0.195456 -0.320523 0.179044 0.26464 -0.306164 0.193378 0.319081 -0.23737 0.262674 0.304506 -0.183041 0.317356 0.235396 -0.19725 0.303143 0.180787 -0.265939   rgb 19931 39998 55570
-0.500000 0.169342 0.172307 -0.500000 0.257493 0.038185 -0.494623 0.259143 0.033479 -0.404606 0.261240 0.067813 -0.397356 0.224936 0.145637 -0.461052 0.162869 0.178473   rgb 29258 38738 49635
0.500000 0.257493 0.038185 0.500000 0.169342 0.172307 0.457510 0.176403 0.165580 0.431189 0.236373 0.098411   rgb 29258 38738 49635
0.264461 0.399787 0.066381 0.22812 0.393354 0.144319 0.237802 0.317524 0.194507 0.305761 0.262326 0.181818 0.355147 0.272719 0.104702 0.32353 0.334351 0.039454   rgb 21616 43099 50390
-0.070342 -0.402241 -0.261557 -0.042579 -0.336487 -0.32116 -0.105817 -0.274085 -0.353573 -0.181867 -0.263489 -0.3048 -0.196147 -0.318377 -0.235501 -0.147861 -0.394728 -0.22467   rgb 14976 43170 56990
0.431295 -0.236362 -0.099363 0.457863 -0.176605 -0.165635 0.393588 -0.144955 -0.227769 0.317406 -0.194689 -0.237849 0.304796 -0.263024 -0.182176 0.35441 -0.273047 -0.105825   rgb 25053 38421 52402
-0.32222 0.040124 0.335911 -0.335254 -0.041723 0.322628 -0.401904 -0.068201 0.263256 -0.466713 0.006382 0.240513 -0.432959 0.096759 0.237678 -0.355115 0.104022 0.273705   rgb 25886 30805 56740
0.166109 0.456938 0.176167 0.22812 0.393354 0.144319 0.237802 0.317524 0.194507 0.181727 0.304996 0.263123 0.105081 0.354666 0.273034 0.099146 0.430779 0.236267   rgb 16912 45033 53926
0.500000 -0.000371 0.240710 0.500000 0.169342 0.172307 0.457510 0.176403 0.165580 0.393790 0.144195 0.228061 0.399813 0.066750 0.264609 0.463932 -0.007688 0.240924   rgb 49591 4019 8830
-0.500000 0.169342 0.172307 -0.500000 -0.000371 0.240710 -0.466713 0.006382 0.240513 -0.432959 0.096759 0.237678 -0.461052 0.162869 0.178473   rgb 49591 4019 8830
-0.144617 -0.228119 0.393474 -0.176379 -0.16593 0.457886 -0.236162 -0.099794 0.43134 -0.27292 -0.10609 0.3544 -0.262838 -0.182231 0.304929 -0.194318 -0.238123 0.317457   rgb 18406 36918 60552
-0.001102 -0.241166 0.500000 -0.169603 -0.172544 0.500000 -0.176379 -0.165930 0.457886 -0.144617 -0.228119 0.393474 -0.067765 -0.264747 0.399413 0.006297 -0.241432 0.463818   rgb 34538 8818 19100
-0.169603 -0.172544 -0.500000 -0.001102 -0.241166 -0.500000 -0.008000 -0.240919 -0.466272 -0.098000 -0.237813 -0.431978 -0.163167 -0.178827 -0.459996   rgb 34538 8818 19100
0.457249 0.162116 -0.18036 0.393659 0.224572 -0.148609 0.317356 0.235396 -0.19725 0.303143 0.180787 -0.265939 0.35175 0.104164 -0.276327 0.429553 0.096317 -0.239389   rgb 25005 36772 54074
0.500000 0.259018 0.006284 0.500000 0.257493 0.038185 0.431189 0.236373 0.098411 0.355147 0.272719 0.104702 0.323530 0.334351 0.039454 0.336277 0.320822 -0.043180 0.401392 0.261606 -0.070740 0.491588 0.258823 -0.036260   rgb 46433 11216 770
-0.500000 0.257493 0.038185 -0.500000 0.259018 0.006284 -0.494623 0.259143 0.033479   rgb 46433 11216 770
-0.500000 -0.169672 -0.172374 -0.500000 -0.257455 -0.039864 -0.494038 -0.259285 -0.034701 -0.403623 -0.261573 -0.068392 -0.396259 -0.225153 -0.146174 -0.460107 -0.163109 -0.178754   rgb 29216 38728 49658
0.500000 -0.257455 -0.039864 0.500000 -0.169672 -0.172374 0.457863 -0.176605 -0.165635 0.431295 -0.236362 -0.099363   rgb 29216 38728 49658
-0.196892 0.317979 0.235152 -0.148056 0.394093 0.224701 -0.070016 0.401555 0.261733 -0.042573 0.336314 0.320945 -0.106562 0.274071 0.352843 -0.182842 0.263198 0.304081   rgb 15001 43161 56981
0.500000 -0.170416 0.171734 0.500000 -0.000371 0.240710 0.463932 -0.007688 0.240924 0.430037 -0.098195 0.238155 0.457683 -0.163701 0.178725   rgb 49710 4059 8790
-0.500000 -0.000371 0.240710 -0.500000 -0.170416 0.171734 -0.460164 -0.176738 0.165153 -0.395490 -0.144955 0.226836 -0.401904 -0.068201 0.263256 -0.466713 0.006382 0.240513   rgb 49710 4059 8790
-0.041261 -0.324972 0.333054 0.040535 -0.338629 0.319578 0.104108 -0.276281 0.351944 0.096375 -0.239309 0.429824 0.006297 -0.241432 0.463818 -0.067765 -0.264747 0.399413   rgb 10815 41314 61265
0.303866 -0.182403 0.263768 0.235087 -0.196756 0.31813 0.180421 -0.265894 0.303558 0.194603 -0.320883 0.23471 0.263409 -0.306517 0.18016 0.318006 -0.237175 0.194646   rgb 19972 40067 55459
-0.265757 0.303867 0.180228 -0.196892 0.317979 0.235152 -0.148056 0.394093 0.224701 -0.179927 0.457791 0.162398 -0.239055 0.430165 0.096521 -0.276049 0.352356 0.1039   rgb 18555 45034 52269
-0.195243 0.236452 -0.318432 -0.182823 0.304894 -0.262369 -0.106956 0.355139 -0.272022 -0.043091 0.323538 -0.33425 -0.069471 0.263403 -0.401089 -0.145755 0.226562 -0.394925   rgb 14961 41567 58598
0.322661 -0.335232 -0.041685 0.35441 -0.273047 -0.105825 0.304796 -0.263024 -0.182176 0.236439 -0.318567 -0.19503 0.226561 -0.394951 -0.145526 0.263168 -0.401593 -0.068532   rgb 21556 43131 50434
-0.238423 0.317325 -0.194213 -0.306802 0.261345 -0.181978 -0.356712 0.271243 -0.106009 -0.324741 0.333186 -0.041664 -0.264731 0.399757 -0.067711 -0.228323 0.393794 -0.14429   rgb 21633 43058 50419
0.352345 -0.105865 0.274854 0.303866 -0.182403 0.263768 0.235087 -0.196756 0.31813 0.22438 -0.1482 0.394604 0.261042 -0.070188 0.402786 0.320228 -0.042206 0.337398   rgb 21466 34979 58694
0.193125 -0.237802 -0.319031 0.180535 -0.30585 -0.263459 0.236439 -0.318567 -0.19503 0.304796 -0.263024 -0.182176 0.317406 -0.194689 -0.237849 0.261639 -0.182184 -0.306274   rgb 19965 40010 55524
0.103884 -0.35539 -0.273283 0.039296 -0.323439 -0.334955 0.066057 -0.264144 -0.401661 0.143236 -0.228047 -0.395561 0.193125 -0.237802 -0.319031 0.180535 -0.30585 -0.263459   rgb 14848 41605 58645
-0.105532 -0.356798 0.271414 -0.099711 -0.434022 0.235164 -0.166107 -0.460272 0.175722 -0.227681 -0.39533 0.143954 -0.23749 -0.318859 0.193738 -0.181737 -0.306577 0.261756   rgb 16897 45133 53868
0.273862 0.352898 -0.10684 0.336277 0.320822 -0.04318 0.401392 0.261606 -0.07074 0.393659 0.224572 -0.148609 0.317356 0.235396 -0.19725 0.262674 0.304506 -0.183041   rgb 23146 41476 50525
0.102345 0.275259 -0.354319 0.038512 0.337357 -0.321308 0.066778 0.403305 -0.262211 0.144945 0.395648 -0.226429 0.193378 0.319081 -0.23737 0.179044 0.26464 -0.306164   rgb 14831 43225 57045
-0.337436 -0.320717 -0.040646 -0.275338 -0.353056 -0.104266 -0.238652 -0.431235 -0.096835 -0.241073 -0.46575 -0.006986 -0.264159 -0.401102 0.067303 -0.323837 -0.334248 0.041074   rgb 21274 45826 46329
0.000254 0.500000 -0.259111 -0.043013 0.500000 -0.256506 -0.100876 0.432552 -0.235311 -0.106956 0.355139 -0.272022 -0.043091 0.323538 -0.334250 0.038512 0.337357 -0.321308 0.066778 0.403305 -0.262211 0.032914 0.493469 -0.259363   rgb 31436 15984 11162
-0.043013 -0.500000 -0.256506 0.000254 -0.500000 -0.259111 -0.036677 -0.492615 -0.258827   rgb 31436 15984 11162
-0.171097 0.171056 -0.500000 -0.001713 0.240731 -0.500000 0.005027 0.240757 -0.465840 -0.069471 0.263403 -0.401089 -0.145755 0.226562 -0.394925 -0.177465 0.164482 -0.459732   rgb 34602 8768 19183
-0.001713 0.240731 0.500000 -0.171097 0.171056 0.500000 -0.164484 0.177883 0.458188 -0.099072 0.237460 0.430637 -0.008674 0.240705 0.464723   rgb 34602 8768 19183
0.038610 -0.500000 -0.257375 0.171215 -0.500000 -0.170819 0.164578 -0.458969 -0.177384 0.097806 -0.432124 -0.236712   rgb 14119 49186 54257
0.171215 0.500000 -0.170819 0.038610 0.500000 -0.257375 0.032914 0.493469 -0.259363 0.066778 0.403305 -0.262211 0.144945 0.395648 -0.226429 0.177853 0.458967 -0.164253   rgb 14119 49186 54257
-0.042579 -0.336487 -0.32116 0.039296 -0.323439 -0.334955 0.066057 -0.264144 -0.401661 -0.008 -0.240919 -0.466272 -0.098 -0.237813 -0.431978 -0.105817 -0.274085 -0.353573   rgb 10900 41252 61345
-0.500000 0.256119 -0.043502 -0.500000 0.259018 0.006284 -0.494623 0.259143 0.033479 -0.404606 0.261240 0.067813 -0.338336 0.319927 0.040084 -0.324741 0.333186 -0.041664 -0.356712 0.271243 -0.106009 -0.434039 0.234917 -0.100291   rgb 46529 11142 888
0.500000 0.259018 0.006284 0.500000 0.256119 -0.043502 0.491588 0.258823 -0.036260   rgb 46529 11142 888
0.333802 0.039902 0.324383 0.272178 0.104672 0.356191 0.262481 0.181096 0.306364 0.318082 0.193772 0.238007 0.39379 0.144195 0.228061 0.399813 0.06675 0.264609   rgb 23095 34873 57133
-0.237558 0.194283 0.31802 -0.182842 0.263198 0.304081 -0.106562 0.274071 0.352843 -0.099072 0.23746 0.430637 -0.164484 0.177883 0.458188 -0.226691 0.145578 0.394333   rgb 16869 38460 60541
0.066243 0.264277 0.40062 0.039834 0.323275 0.334637 -0.042573 0.336314 0.320945 -0.106562 0.274071 0.352843 -0.099072 0.23746 0.430637 -0.008674 0.240705 0.464723   rgb 10917 41266 61318
0.256114 -0.042399 0.500000 0.168765 -0.173360 0.500000 0.161980 -0.180366 0.457911 0.224380 -0.148200 0.394604 0.261042 -0.070188 0.402786 0.258421 -0.036060 0.492705   rgb 18688 34241 64636
0.168765 -0.173360 -0.500000 0.256114 -0.042399 -0.500000 0.235011 -0.100387 -0.433268 0.175233 -0.166681 -0.459880   rgb 18688 34241 64636
-0.31967 -0.23559 -0.194788 -0.396259 -0.225153 -0.146174 -0.460107 -0.163109 -0.178754 -0.432041 -0.097604 -0.237889 -0.353825 -0.104974 -0.274368 -0.305302 -0.180915 -0.263848   rgb 25103 36802 53976
0.500000 -0.256907 0.041505 0.500000 -0.170416 0.171734 0.457683 -0.163701 0.178725 0.394131 -0.226143 0.146302 0.401587 -0.262575 0.068297 0.492002 -0.259412 0.034606   rgb 29107 38744 49657
-0.500000 -0.170416 0.171734 -0.500000 -0.256907 0.041505 -0.433301 -0.236017 0.099040 -0.460164 -0.176738 0.165153   rgb 29107 38744 49657
0.261639 -0.182184 -0.306274 0.271528 -0.106135 -0.356194 0.333216 -0.041758 -0.324557 0.399509 -0.068074 -0.264558 0.393588 -0.144955 -0.227769 0.317406 -0.194689 -0.237849   rgb 23070 34930 57115
0.068537 -0.404925 0.2608 0.040535 -0.338629 0.319578 0.104108 -0.276281 0.351944 0.180421 -0.265894 0.303558 0.194603 -0.320883 0.23471 0.146292 -0.397567 0.224317   rgb 14906 43276 56946
-0.306802 0.261345 -0.181978 -0.319318 0.193045 -0.237685 -0.395833 0.14327 -0.227946 -0.460646 0.175244 -0.166521 -0.434039 0.234917 -0.100291 -0.356712 0.271243 -0.106009   rgb 25142 38347 52413
-0.236287 -0.194785 -0.318985 -0.305302 -0.180915 -0.263848 -0.353825 -0.104974 -0.274368 -0.321181 -0.041542 -0.336858 -0.261775 -0.069094 -0.403128 -0.225404 -0.146396 -0.395776   rgb 21506 34926 58692
0.258532 0.000561 0.500000 0.256114 -0.042399 0.500000 0.258421 -0.036060 0.492705   rgb 41652 884 16014
0.256114 -0.042399 -0.500000 0.258532 0.000561 -0.500000 0.258634 0.034200 -0.493299 0.260888 0.068579 -0.403898 0.319640 0.040361 -0.338334 0.333216 -0.041758 -0.324557 0.271528 -0.106135 -0.356194 0.235011 -0.100387 -0.433268   rgb 41652 884 16014
-0.194318 -0.238123 0.317457 -0.181737 -0.306577 0.261756 -0.23749 -0.318859 0.193738 -0.305991 -0.262792 0.181245 -0.318759 -0.194618 0.236736 -0.262838 -0.182231 0.304929   rgb 20002 40018 55478
0.008115 -0.500000 0.258865 0.038853 -0.500000 0.257306 0.034392 -0.494879 0.258862   rgb 31309 15929 11213
0.038853 0.500000 0.257306 0.008115 0.500000 0.258865 -0.035490 0.491502 0.258871 -0.070016 0.401555 0.261733 -0.042573 0.336314 0.320945 0.039834 0.323275 0.334637 0.105081 0.354666 0.273034 0.099146 0.430779 0.236267   rgb 31309 15929 11213
-0.042818 -0.500000 0.256166 -0.172808 -0.500000 0.169262 -0.166107 -0.460272 0.175722 -0.099711 -0.434022 0.235164   rgb 14210 49095 54213
-0.172808 0.500000 0.169262 -0.042818 0.500000 0.256166 -0.035490 0.491502 0.258871 -0.070016 0.401555 0.261733 -0.148056 0.394093 0.224701 -0.179927 0.457791 0.162398   rgb 14210 49095 54213
0.096375 -0.239309 0.429824 0.16198 -0.180366 0.457911 0.22438 -0.1482 0.394604 0.235087 -0.196756 0.31813 0.180421 -0.265894 0.303558 0.104108 -0.276281 0.351944   rgb 16770 38563 60521
0.256553 0.040067 -0.500000 0.168673 0.173008 -0.500000 0.161794 0.179769 -0.459809 0.223981 0.147051 -0.396475 0.260888 0.068579 -0.403898 0.258634 0.034200 -0.493299   rgb 18713 34190 64684
0.168673 0.173008 0.500000 0.256553 0.040067 0.500000 0.235662 0.098977 0.432712 0.175728 0.166074 0.458780   rgb 18713 34190 64684
0.272178 0.104672 0.356191 0.235662 0.098977 0.432712 0.175728 0.166074 0.45878 0.143847 0.227795 0.394685 0.194084 0.237122 0.31879 0.262481 0.181096 0.306364   rgb 18395 36889 60606
-0.263359 0.180583 -0.305983 -0.319318 0.193045 -0.237685 -0.395833 0.14327 -0.227946 -0.401724 0.066471 -0.264126 -0.33475 0.040036 -0.323622 -0.272901 0.104374 -0.35574   rgb 23135 34863 57104
-0.257288 0.040427 -0.500000 -0.171097 0.171056 -0.500000 -0.177465 0.164482 -0.459732 -0.236495 0.098162 -0.432997   rgb 18766 34117 64624
-0.171097 0.171056 0.500000 -0.257288 0.040427 0.500000 -0.259706 0.033713 0.492208 -0.262883 0.067728 0.401617 -0.226691 0.145578 0.394333 -0.164484 0.177883 0.458188   rgb 18766 34117 64624
0.318006 -0.237175 0.194646 0.394131 -0.226143 0.146302 0.401587 -0.262575 0.068297 0.336048 -0.322074 0.040269 0.273995 -0.354985 0.103788 0.263409 -0.306517 0.18016   rgb 23163 41552 50400
0.500000 -0.169672 -0.172374 0.500000 -0.001031 -0.241130 0.463737 0.006199 -0.241397 0.399509 -0.068074 -0.264558 0.393588 -0.144955 -0.227769 0.457863 -0.176605 -0.165635   rgb 49607 4042 8815
-0.500000 -0.001031 -0.241130 -0.500000 -0.169672 -0.172374 -0.460107 -0.163109 -0.178754 -0.432041 -0.097604 -0.237889 -0.466370 -0.007737 -0.240882   rgb 49607 4042 8815
-0.257288 0.040427 -0.500000 -0.259490 -0.005029 -0.500000 -0.259321 -0.035388 -0.493894 -0.261775 -0.069094 -0.403128 -0.321181 -0.041542 -0.336858 -0.334750 0.040036 -0.323622 -0.272901 0.104374 -0.355740 -0.236495 0.098162 -0.432997   rgb 41685 809 15975
-0.259490 -0.005029 0.500000 -0.257288 0.040427 0.500000 -0.259706 0.033713 0.492208   rgb 41685 809 15975
